1,0,1655.7200274482893,377.41397902166455,146.62,332.71,67.567,-1,-1,-1
1,1,1252.1573888611097,483.3731132748565,61.514,139.59,29.439,-1,-1,-1
1,2,1221.0024060929766,552.2657941708296,40.123,91.049,19.601,-1,-1,-1
2,0,1689.0,385.0,146.62,332.71,66.725,-1,-1,-1
2,8,1241.5841584158416,531.6831683168317,52.0,118.0,15.979,-1,-1,-1
2,9,53.91628271738065,531.320458778551,94.66,214.81,9.3326,-1,-1,-1
3,12,1631.2126262131164,409.76374865209294,135.42,307.29,31.198,-1,-1,-1
3,2,1312.0,503.0,61.514,139.59,30.007,-1,-1,-1
3,1,51.0,555.0,87.838,199.32,3.7319,-1,-1,-1
4,18,1635.133810410744,363.68983432996765,159.84,362.7,53.87,-1,-1,-1
4,8,1741.5841584158416,468.3168316831683,113.37,257.27,34.214,-1,-1,-1
4,21,1292.079207920792,495.049504950495,67.474,153.11,21.299,-1,-1,-1
4,12,107.0,494.0,103.17,234.13,15.325,-1,-1,-1
4,1,58.0,566.0,79.918,181.35,3.316,-1,-1,-1
5,9,1643.0,396.0,159.84,362.7,11.573,-1,-1,-1
6,28,1649.5049504950496,381.18811881188117,146.62,332.71,52.587,-1,-1,-1
6,30,1306.7346338594255,488.18743260464663,56.686,128.63,30.194,-1,-1,-1
6,18,1318.0,537.0,52.0,118.0,30.132,-1,-1,-1
6,32,1706.6954220174493,463.68003136947357,113.37,257.27,29.672,-1,-1,-1
6,33,104.89167728654053,484.2662484070189,103.17,234.13,20.212,-1,-1,-1
7,9,1668.0,371.0,159.84,362.7,49.716,-1,-1,-1
7,35,1812.5673953533967,499.95098519752963,28.302,64.224,35.359,-1,-1,-1
7,21,1316.0,489.0,67.474,153.11,28.89,-1,-1,-1
7,37,1337.6237623762377,500.990099009901,56.686,128.63,10.428,-1,-1,-1
8,40,1651.4851485148515,367.3267326732673,159.84,362.7,50.69,-1,-1,-1
8,21,1322.0,494.0,61.514,139.59,38.787,-1,-1,-1
8,42,1829.7029702970297,500.0,30.903,70.127,24.904,-1,-1,-1
8,43,121.78217821782178,489.1089108910891,103.17,234.13,15.789,-1,-1,-1
9,9,1666.0,385.0,146.62,332.71,59.031,-1,-1,-1
9,46,1312.8712871287128,484.15841584158414,67.474,153.11,41.687,-1,-1,-1
9,47,1829.7029702970297,500.0,30.903,70.127,30.606,-1,-1,-1
9,48,1709.90099009901,413.86138613861385,135.42,307.29,25.474,-1,-1,-1
9,50,1261.3861386138615,545.5445544554456,43.624,98.993,14.674,-1,-1,-1
9,30,266.0,463.0,103.17,234.13,13.241,-1,-1,-1
10,9,1689.0,385.0,146.62,332.71,64.395,-1,-1,-1
10,21,1326.0,500.0,67.474,153.11,44.719,-1,-1,-1
10,54,144.55445544554456,509.9009900990099,56.686,128.63,17.341,-1,-1,-1
10,55,263.36633663366337,458.4158415841584,103.17,234.13,16.724,-1,-1,-1
10,33,1278.0,545.0,47.794,108.46,11.888,-1,-1,-1
10,28,1849.0,510.0,28.302,64.224,8.1416,-1,-1,-1
11,9,1689.0,385.0,146.62,332.71,58.138,-1,-1,-1
11,21,1326.0,500.0,67.474,153.11,38.028,-1,-1,-1
11,60,263.36633663366337,458.4158415841584,103.17,234.13,13.404,-1,-1,-1
11,33,1278.0,545.0,47.794,108.46,10.318,-1,-1,-1
11,62,169.30693069306932,476.23762376237624,26.0,59.0,6.3,-1,-1,-1
12,9,1689.0,408.0,146.62,332.71,51.907,-1,-1,-1
12,65,1312.8712871287128,485.1485148514851,73.864,167.61,39.416,-1,-1,-1
12,35,1837.0,351.0,103.17,234.13,8.3539,-1,-1,-1
12,68,1602.970297029703,392.0792079207921,159.84,362.7,0.28414,-1,-1,-1
13,69,1672.2772277227723,381.18811881188117,146.62,332.71,54.748,-1,-1,-1
13,21,1326.0,490.0,73.864,167.61,35.028,-1,-1,-1
13,71,1626.7326732673266,403.96039603960395,146.62,332.71,28.729,-1,-1,-1
13,72,149.5049504950495,496.03960396039605,28.302,64.224,15.713,-1,-1,-1
13,74,1848.5148514851485,387.1287128712871,30.903,70.127,4.4389,-1,-1,-1
14,9,1668.0,371.0,159.84,362.7,53.078,-1,-1,-1
14,21,1326.0,490.0,73.864,167.61,34.284,-1,-1,-1
14,79,1602.970297029703,392.0792079207921,159.84,362.7,15.437,-1,-1,-1
14,40,1867.0,391.0,30.903,70.127,7.0697,-1,-1,-1
15,81,1651.4851485148515,367.3267326732673,159.84,362.7,56.775,-1,-1,-1
15,82,1806.930693069307,529.7029702970297,33.737,76.557,40.166,-1,-1,-1
15,83,1322.7722772277227,495.049504950495,67.474,153.11,36.203,-1,-1,-1
15,42,-52.0,254.0,270.83,614.58,25.027,-1,-1,-1
15,37,1619.0,396.0,159.84,362.7,7.1656,-1,-1,-1
15,40,1867.0,393.0,26.0,59.0,4.8067,-1,-1,-1
16,9,1668.0,371.0,159.84,362.7,58.304,-1,-1,-1
16,43,1834.0,532.0,36.723,83.333,49.653,-1,-1,-1
16,21,1336.0,500.0,67.474,153.11,44.973,-1,-1,-1
16,42,-52.0,254.0,270.83,614.58,39.898,-1,-1,-1
16,37,1619.0,396.0,159.84,362.7,10.224,-1,-1,-1
16,92,1306.930693069307,457.4257425742574,30.903,70.127,1.3394,-1,-1,-1
17,93,1649.5049504950496,381.18811881188117,146.62,332.71,65.522,-1,-1,-1
17,94,1322.7722772277227,495.049504950495,67.474,153.11,46.265,-1,-1,-1
17,95,1694.059405940594,403.96039603960395,146.62,332.71,38.159,-1,-1,-1
17,42,-52.0,254.0,270.83,614.58,34.544,-1,-1,-1
18,97,1649.5049504950496,403.96039603960395,146.62,332.71,66.036,-1,-1,-1
18,42,-52.0,254.0,270.83,614.58,44.021,-1,-1,-1
18,21,1350.0,503.0,61.514,139.59,33.671,-1,-1,-1
18,100,1578.2178217821781,392.0792079207921,159.84,362.7,22.94,-1,-1,-1
19,9,1666.0,408.0,146.62,332.71,64.738,-1,-1,-1
19,104,-51.48514851485149,251.4851485148515,270.83,614.58,56.379,-1,-1,-1
19,21,1350.0,503.0,61.514,139.59,39.45,-1,-1,-1
19,106,1578.2178217821781,392.0792079207921,159.84,362.7,19.526,-1,-1,-1
19,107,1817.8217821782177,535.6435643564356,33.737,76.557,16.959,-1,-1,-1
19,108,1278.2178217821781,449.5049504950495,94.66,214.81,9.9689,-1,-1,-1
20,109,1626.7326732673266,367.3267326732673,159.84,362.7,63.715,-1,-1,-1
20,110,-51.48514851485149,251.4851485148515,270.83,614.58,52.829,-1,-1,-1
20,111,1578.2178217821781,392.0792079207921,159.84,362.7,31.013,-1,-1,-1
20,21,1349.0,490.0,73.864,167.61,31.0,-1,-1,-1
20,113,1295.049504950495,469.3069306930693,87.838,199.32,20.751,-1,-1,-1
20,47,1838.0,543.0,30.903,70.127,11.683,-1,-1,-1
21,9,1643.0,371.0,159.84,362.7,63.111,-1,-1,-1
21,42,-52.0,254.0,270.83,614.58,55.834,-1,-1,-1
21,21,1349.0,490.0,73.864,167.61,39.327,-1,-1,-1
21,46,1594.0,396.0,159.84,362.7,33.805,-1,-1,-1
21,119,1675.2475247524753,392.0792079207921,159.84,362.7,30.437,-1,-1,-1
21,120,1295.049504950495,469.3069306930693,87.838,199.32,13.999,-1,-1,-1
22,121,1626.7326732673266,392.0792079207921,159.84,362.7,69.866,-1,-1,-1
22,122,-51.48514851485149,251.4851485148515,270.83,614.58,52.643,-1,-1,-1
22,21,1349.0,490.0,73.864,167.61,36.897,-1,-1,-1
22,46,1594.0,371.0,159.84,362.7,24.467,-1,-1,-1
22,126,1300.990099009901,463.36633663366337,79.918,181.35,16.32,-1,-1,-1
23,128,1626.7326732673266,350.4950495049505,175.68,398.65,71.576,-1,-1,-1
23,129,-51.48514851485149,251.4851485148515,270.83,614.58,55.724,-1,-1,-1
23,21,1349.0,490.0,73.864,167.61,33.171,-1,-1,-1
23,46,1589.0,381.0,175.68,398.65,30.184,-1,-1,-1
23,132,1774.2574257425742,451.48514851485146,73.864,167.61,17.312,-1,-1,-1
23,48,1315.0,468.0,73.864,167.61,11.149,-1,-1,-1
24,134,1602.970297029703,392.0792079207921,159.84,362.7,74.939,-1,-1,-1
24,135,-51.48514851485149,251.4851485148515,270.83,614.58,48.298,-1,-1,-1
24,21,1349.0,490.0,73.864,167.61,35.903,-1,-1,-1
24,9,1668.0,371.0,159.84,362.7,32.518,-1,-1,-1
24,48,1326.0,479.0,73.864,167.61,25.98,-1,-1,-1
24,50,1804.0,475.0,61.514,139.59,11.826,-1,-1,-1
25,140,1602.970297029703,392.0792079207921,159.84,362.7,77.047,-1,-1,-1
25,21,1349.0,490.0,73.864,167.61,36.734,-1,-1,-1
25,142,-9.900990099009901,251.4851485148515,270.83,614.58,34.067,-1,-1,-1
25,143,1651.4851485148515,367.3267326732673,159.84,362.7,30.144,-1,-1,-1
25,48,1326.0,479.0,73.864,167.61,26.27,-1,-1,-1
25,147,1824.7524752475247,353.46534653465346,79.918,181.35,8.8267,-1,-1,-1
26,46,1619.0,396.0,159.84,362.7,69.991,-1,-1,-1
26,21,1349.0,490.0,73.864,167.61,35.431,-1,-1,-1
26,151,1312.8712871287128,474.25742574257424,73.864,167.61,25.202,-1,-1,-1
26,152,1651.4851485148515,367.3267326732673,159.84,362.7,19.606,-1,-1,-1
26,153,-51.48514851485149,251.4851485148515,270.83,614.58,14.007,-1,-1,-1
26,54,1843.0,357.0,79.918,181.35,8.3148,-1,-1,-1
26,156,30.693069306930692,293.0693069306931,270.83,614.58,4.9139,-1,-1,-1
27,46,1616.0,354.0,175.68,398.65,70.678,-1,-1,-1
27,158,1335.6435643564357,485.1485148514851,73.864,167.61,37.041,-1,-1,-1
27,159,1812.8712871287128,551.4851485148515,26.0,59.0,26.431,-1,-1,-1
27,160,1312.8712871287128,474.25742574257424,73.864,167.61,21.989,-1,-1,-1
27,9,1670.0,381.0,175.68,398.65,18.886,-1,-1,-1
27,54,1831.0,357.0,79.918,181.35,9.6426,-1,-1,-1
27,163,105.94059405940594,559.4059405940594,146.62,332.71,6.6827,-1,-1,-1
28,165,1600.0,350.4950495049505,175.68,398.65,82.014,-1,-1,-1
28,21,1349.0,490.0,73.864,167.61,36.827,-1,-1,-1
28,168,1812.8712871287128,353.46534653465346,79.918,181.35,16.904,-1,-1,-1
28,169,1295.049504950495,456.43564356435644,87.838,199.32,14.938,-1,-1,-1
29,171,1602.970297029703,367.3267326732673,159.84,362.7,72.384,-1,-1,-1
29,172,1335.6435643564357,485.1485148514851,73.864,167.61,38.639,-1,-1,-1
29,60,31.0,254.0,270.83,614.58,27.667,-1,-1,-1
29,174,1553.4653465346535,392.0792079207921,159.84,362.7,18.852,-1,-1,-1
29,175,1672.2772277227723,425.74257425742576,146.62,332.71,16.746,-1,-1,-1
29,177,1295.049504950495,456.43564356435644,87.838,199.32,13.659,-1,-1,-1
30,46,1616.0,354.0,175.68,398.65,65.412,-1,-1,-1
30,21,1339.0,480.0,79.918,181.35,46.891,-1,-1,-1
30,180,1792.079207920792,527.7227722772277,30.903,70.127,35.29,-1,-1,-1
30,60,31.0,254.0,270.83,614.58,26.037,-1,-1,-1
30,62,1562.0,381.0,175.68,398.65,10.235,-1,-1,-1
30,184,1739.6039603960396,507.9207920792079,61.514,139.59,8.6035,-1,-1,-1
30,185,1802.970297029703,520.7920792079208,103.17,234.13,6.6077,-1,-1,-1
31,186,1600.0,350.4950495049505,175.68,398.65,64.181,-1,-1,-1
31,21,1349.0,490.0,73.864,167.61,50.363,-1,-1,-1
31,188,1797.029702970297,543.5643564356435,26.0,59.0,37.117,-1,-1,-1
31,60,31.0,254.0,270.83,614.58,14.004,-1,-1,-1
31,191,1546.5346534653465,377.2277227722772,175.68,398.65,8.5096,-1,-1,-1
31,68,1829.0,542.0,94.66,214.81,6.314,-1,-1,-1
31,193,1854.4554455445545,370.2970297029703,36.723,83.333,4.1767,-1,-1,-1
32,194,1602.970297029703,392.0792079207921,159.84,362.7,68.372,-1,-1,-1
32,195,1335.6435643564357,485.1485148514851,73.864,167.61,56.174,-1,-1,-1
32,197,1672.2772277227723,425.74257425742576,146.62,332.71,21.87,-1,-1,-1
32,69,1308.0,461.0,87.838,199.32,16.652,-1,-1,-1
33,200,1600.0,350.4950495049505,175.68,398.65,73.534,-1,-1,-1
33,21,1339.0,480.0,79.918,181.35,52.712,-1,-1,-1
33,202,1734.6534653465346,287.1287128712871,207.45,470.74,41.951,-1,-1,-1
33,203,72.27722772277228,251.4851485148515,270.83,614.58,37.316,-1,-1,-1
33,69,1295.0,461.0,87.838,199.32,13.145,-1,-1,-1
33,205,1675.2475247524753,415.84158415841586,159.84,362.7,7.6878,-1,-1,-1
34,46,1616.0,354.0,175.68,398.65,73.734,-1,-1,-1
34,207,1335.6435643564357,485.1485148514851,73.864,167.61,63.212,-1,-1,-1
34,71,1752.0,290.0,207.45,470.74,39.56,-1,-1,-1
34,209,1295.049504950495,456.43564356435644,87.838,199.32,28.613,-1,-1,-1
34,72,1692.0,396.0,159.84,362.7,23.19,-1,-1,-1
34,74,73.0,254.0,270.83,614.58,23.081,-1,-1,-1
35,212,1600.0,350.4950495049505,175.68,398.65,79.855,-1,-1,-1
35,213,1335.6435643564357,485.1485148514851,73.864,167.61,61.084,-1,-1,-1
35,214,1653.4653465346535,377.2277227722772,175.68,398.65,43.711,-1,-1,-1
35,215,1734.6534653465346,287.1287128712871,207.45,470.74,35.54,-1,-1,-1
35,216,1295.049504950495,456.43564356435644,87.838,199.32,26.288,-1,-1,-1
35,217,133.66336633663366,640.5940594059406,113.37,257.27,15.332,-1,-1,-1
36,218,1600.0,350.4950495049505,175.68,398.65,70.057,-1,-1,-1
36,219,1335.6435643564357,485.1485148514851,73.864,167.61,63.441,-1,-1,-1
36,72,1670.0,381.0,175.68,398.65,45.533,-1,-1,-1
36,71,1752.0,290.0,207.45,470.74,32.183,-1,-1,-1
36,222,1295.049504950495,456.43564356435644,87.838,199.32,21.661,-1,-1,-1
36,223,143.56435643564356,705.940594059406,79.918,181.35,15.604,-1,-1,-1
37,46,1616.0,354.0,175.68,398.65,70.38,-1,-1,-1
37,21,1349.0,490.0,73.864,167.61,65.47,-1,-1,-1
37,226,1653.4653465346535,377.2277227722772,175.68,398.65,46.659,-1,-1,-1
37,71,1752.0,290.0,207.45,470.74,31.266,-1,-1,-1
38,46,1616.0,354.0,175.68,398.65,68.337,-1,-1,-1
38,231,1335.6435643564357,485.1485148514851,73.864,167.61,59.666,-1,-1,-1
38,232,1653.4653465346535,377.2277227722772,175.68,398.65,46.271,-1,-1,-1
38,71,1752.0,290.0,207.45,470.74,34.966,-1,-1,-1
38,235,153.46534653465346,662.3762376237623,103.17,234.13,14.914,-1,-1,-1
39,237,1600.0,377.2277227722772,175.68,398.65,68.451,-1,-1,-1
39,238,1335.6435643564357,485.1485148514851,73.864,167.61,50.873,-1,-1,-1
39,71,1752.0,290.0,207.45,470.74,27.192,-1,-1,-1
39,79,1308.0,461.0,87.838,199.32,20.926,-1,-1,-1
39,241,99.00990099009901,485.1485148514851,113.37,257.27,11.688,-1,-1,-1
40,46,1622.0,354.0,189.32,429.61,69.024,-1,-1,-1
40,21,1349.0,490.0,73.864,167.61,56.938,-1,-1,-1
40,71,1752.0,290.0,207.45,470.74,27.79,-1,-1,-1
41,247,1605.9405940594058,350.4950495049505,189.32,429.61,73.547,-1,-1,-1
41,21,1349.0,490.0,73.864,167.61,59.175,-1,-1,-1
41,71,1752.0,290.0,207.45,470.74,31.459,-1,-1,-1
41,250,1297.029702970297,539.6039603960396,52.0,118.0,29.978,-1,-1,-1
41,251,329.7029702970297,537.6237623762377,146.62,332.71,24.89,-1,-1,-1
42,46,1622.0,354.0,189.32,429.61,70.72,-1,-1,-1
42,21,1349.0,490.0,73.864,167.61,56.873,-1,-1,-1
42,254,1734.6534653465346,287.1287128712871,207.45,470.74,36.56,-1,-1,-1
42,255,233.66336633663366,245.54455445544554,226.74,514.53,22.091,-1,-1,-1
42,256,1295.049504950495,456.43564356435644,87.838,199.32,15.074,-1,-1,-1
42,257,1548.5148514851485,321.78217821782175,189.32,429.61,12.935,-1,-1,-1
43,258,1600.0,377.2277227722772,175.68,398.65,75.593,-1,-1,-1
43,259,1335.6435643564357,485.1485148514851,73.864,167.61,46.469,-1,-1,-1
43,71,1752.0,290.0,207.45,470.74,38.97,-1,-1,-1
43,261,256.43564356435644,272.2772277227723,250.0,567.31,20.603,-1,-1,-1
43,262,1297.029702970297,531.6831683168317,52.0,118.0,18.292,-1,-1,-1
44,263,1577.2277227722773,350.4950495049505,189.32,429.61,80.576,-1,-1,-1
44,21,1349.0,490.0,73.864,167.61,50.829,-1,-1,-1
44,265,1719.8019801980197,280.1980198019802,226.74,514.53,36.619,-1,-1,-1
44,266,492.0792079207921,509.9009900990099,33.737,76.557,15.359,-1,-1,-1
44,267,1295.049504950495,456.43564356435644,87.838,199.32,12.268,-1,-1,-1
45,46,1622.0,354.0,189.32,429.61,74.794,-1,-1,-1
45,269,1335.6435643564357,485.1485148514851,73.864,167.61,54.438,-1,-1,-1
45,71,1752.0,290.0,207.45,470.74,36.327,-1,-1,-1
45,272,1301.980198019802,539.6039603960396,47.794,108.46,15.828,-1,-1,-1
46,273,1577.2277227722773,350.4950495049505,189.32,429.61,73.628,-1,-1,-1
46,21,1349.0,490.0,73.864,167.61,58.151,-1,-1,-1
46,71,1752.0,290.0,207.45,470.74,41.979,-1,-1,-1
46,276,1653.4653465346535,377.2277227722772,175.68,398.65,28.986,-1,-1,-1
46,92,1315.0,545.0,47.794,108.46,10.599,-1,-1,-1
47,279,1577.2277227722773,350.4950495049505,189.32,429.61,66.649,-1,-1,-1
47,21,1349.0,490.0,73.864,167.61,54.048,-1,-1,-1
47,71,1737.0,283.0,226.74,514.53,43.154,-1,-1,-1
47,283,1653.4653465346535,377.2277227722772,175.68,398.65,25.357,-1,-1,-1
47,95,523.0,489.0,33.737,76.557,11.036,-1,-1,-1
47,286,447.5247524752475,395.049504950495,73.864,167.61,8.9042,-1,-1,-1
48,93,1593.0,354.0,189.32,429.61,63.243,-1,-1,-1
48,21,1349.0,490.0,73.864,167.61,54.639,-1,-1,-1
48,71,1737.0,283.0,226.74,514.53,44.187,-1,-1,-1
48,94,1670.0,354.0,175.68,398.65,20.951,-1,-1,-1
48,97,1308.0,461.0,87.838,199.32,14.046,-1,-1,-1
48,293,319.8019801980198,251.4851485148515,270.83,614.58,12.144,-1,-1,-1
49,93,1593.0,354.0,189.32,429.61,69.067,-1,-1,-1
49,295,1335.6435643564357,485.1485148514851,73.864,167.61,56.656,-1,-1,-1
49,71,1752.0,290.0,207.45,470.74,43.303,-1,-1,-1
49,94,1670.0,354.0,175.68,398.65,24.656,-1,-1,-1
49,100,336.0,236.0,250.0,567.31,17.948,-1,-1,-1
49,299,1295.049504950495,456.43564356435644,87.838,199.32,14.792,-1,-1,-1
50,301,1577.2277227722773,350.4950495049505,189.32,429.61,69.552,-1,-1,-1
50,302,1335.6435643564357,485.1485148514851,73.864,167.61,49.767,-1,-1,-1
50,303,1719.8019801980197,280.1980198019802,226.74,514.53,36.585,-1,-1,-1
50,304,1653.4653465346535,377.2277227722772,175.68,398.65,27.052,-1,-1,-1
50,305,1301.980198019802,539.6039603960396,47.794,108.46,18.745,-1,-1,-1
50,100,374.0,275.0,250.0,567.31,10.759,-1,-1,-1
51,93,1564.0,354.0,189.32,429.61,68.85,-1,-1,-1
51,308,1335.6435643564357,485.1485148514851,73.864,167.61,44.878,-1,-1,-1
51,94,1643.0,381.0,175.68,398.65,39.4,-1,-1,-1
51,310,1719.8019801980197,280.1980198019802,226.74,514.53,37.965,-1,-1,-1
51,311,1295.049504950495,456.43564356435644,87.838,199.32,13.649,-1,-1,-1
52,312,1577.2277227722773,350.4950495049505,189.32,429.61,60.967,-1,-1,-1
52,313,1335.6435643564357,485.1485148514851,73.864,167.61,49.451,-1,-1,-1
52,314,1719.8019801980197,280.1980198019802,226.74,514.53,38.206,-1,-1,-1
52,94,1670.0,381.0,175.68,398.65,22.06,-1,-1,-1
52,316,1301.980198019802,539.6039603960396,47.794,108.46,16.975,-1,-1,-1
53,317,1577.2277227722773,350.4950495049505,189.32,429.61,57.805,-1,-1,-1
53,318,1335.6435643564357,485.1485148514851,73.864,167.61,55.381,-1,-1,-1
53,319,1719.8019801980197,280.1980198019802,226.74,514.53,30.074,-1,-1,-1
53,320,1301.980198019802,539.6039603960396,47.794,108.46,16.196,-1,-1,-1
53,94,1651.0,383.0,189.32,429.61,15.7,-1,-1,-1
53,322,550.4950495049505,432.6732673267327,56.686,128.63,10.583,-1,-1,-1
54,93,1593.0,354.0,189.32,429.61,59.841,-1,-1,-1
54,324,1335.6435643564357,485.1485148514851,73.864,167.61,51.86,-1,-1,-1
54,71,1737.0,283.0,226.74,514.53,40.997,-1,-1,-1
54,94,1651.0,383.0,189.32,429.61,19.852,-1,-1,-1
54,328,105.94059405940594,489.1089108910891,103.17,234.13,13.594,-1,-1,-1
55,330,1512.8712871287128,318.81188118811883,207.45,470.74,58.095,-1,-1,-1
55,21,1349.0,490.0,73.864,167.61,48.271,-1,-1,-1
55,333,1719.8019801980197,280.1980198019802,226.74,514.53,43.223,-1,-1,-1
55,335,1295.049504950495,456.43564356435644,87.838,199.32,14.39,-1,-1,-1
55,107,107.0,494.0,103.17,234.13,12.818,-1,-1,-1
55,106,13.0,490.0,113.37,257.27,8.2008,-1,-1,-1
56,109,1564.0,354.0,189.32,429.61,60.119,-1,-1,-1
56,21,1349.0,490.0,73.864,167.61,49.125,-1,-1,-1
56,71,1702.0,283.0,226.74,514.53,46.551,-1,-1,-1
56,111,582.0,498.0,146.62,332.71,27.147,-1,-1,-1
56,342,1295.049504950495,456.43564356435644,87.838,199.32,14.651,-1,-1,-1
56,343,1626.7326732673266,403.96039603960395,175.68,398.65,11.498,-1,-1,-1
57,345,1548.5148514851485,350.4950495049505,189.32,429.61,61.475,-1,-1,-1
57,21,1349.0,490.0,73.864,167.61,46.852,-1,-1,-1
57,347,573.2673267326733,516.8316831683168,135.42,307.29,42.276,-1,-1,-1
57,71,1702.0,283.0,226.74,514.53,40.341,-1,-1,-1
57,110,1622.0,383.0,189.32,429.61,17.515,-1,-1,-1
57,350,1295.049504950495,456.43564356435644,87.838,199.32,15.699,-1,-1,-1
58,21,1349.0,490.0,73.864,167.61,48.833,-1,-1,-1
58,71,1737.0,283.0,226.74,514.53,48.702,-1,-1,-1
58,109,1593.0,354.0,189.32,429.61,44.318,-1,-1,-1
58,354,598.019801980198,546.5346534653465,123.42,280.06,24.186,-1,-1,-1
58,108,1308.0,461.0,87.838,199.32,15.963,-1,-1,-1
58,357,105.94059405940594,489.1089108910891,103.17,234.13,11.479,-1,-1,-1
58,359,1634.6534653465346,379.2079207920792,189.32,429.61,9.3629,-1,-1,-1
59,360,1719.8019801980197,280.1980198019802,226.74,514.53,52.273,-1,-1,-1
59,21,1349.0,490.0,73.864,167.61,50.529,-1,-1,-1
59,362,1605.9405940594058,350.4950495049505,189.32,429.61,41.522,-1,-1,-1
59,113,1528.0,353.0,207.45,470.74,39.826,-1,-1,-1
59,364,1364.3564356435643,504.9504950495049,67.474,153.11,15.88,-1,-1,-1
59,365,1295.049504950495,456.43564356435644,87.838,199.32,15.087,-1,-1,-1
60,71,1702.0,283.0,226.74,514.53,49.047,-1,-1,-1
60,368,1335.6435643564357,485.1485148514851,73.864,167.61,48.119,-1,-1,-1
60,369,1512.8712871287128,349.5049504950495,207.45,470.74,41.755,-1,-1,-1
60,370,1605.9405940594058,350.4950495049505,189.32,429.61,32.633,-1,-1,-1
60,372,1301.980198019802,539.6039603960396,47.794,108.46,14.856,-1,-1,-1
61,374,1538.6138613861385,508.91089108910893,123.42,280.06,53.015,-1,-1,-1
61,71,1702.0,283.0,226.74,514.53,50.716,-1,-1,-1
61,376,1335.6435643564357,485.1485148514851,73.864,167.61,46.722,-1,-1,-1
61,377,1605.9405940594058,350.4950495049505,189.32,429.61,24.336,-1,-1,-1
61,121,393.0,463.0,103.17,234.13,15.025,-1,-1,-1
61,379,111.88118811881188,507.9207920792079,94.66,214.81,14.221,-1,-1,-1
61,382,522.7722772277227,233.66336633663366,250.0,567.31,10.415,-1,-1,-1
61,120,1315.0,545.0,47.794,108.46,6.5042,-1,-1,-1
62,71,1702.0,283.0,226.74,514.53,53.216,-1,-1,-1
62,122,1554.0,514.0,123.42,280.06,48.648,-1,-1,-1
62,386,1335.6435643564357,485.1485148514851,73.864,167.61,44.681,-1,-1,-1
62,387,1605.9405940594058,350.4950495049505,189.32,429.61,21.698,-1,-1,-1
62,388,560.3960396039604,233.66336633663366,250.0,567.31,19.586,-1,-1,-1
62,121,377.0,463.0,103.17,234.13,15.189,-1,-1,-1
62,120,1315.0,545.0,47.794,108.46,11.558,-1,-1,-1
62,392,1475.2475247524753,440.5940594059406,56.686,128.63,4.0755,-1,-1,-1
63,393,1512.8712871287128,318.81188118811883,207.45,470.74,57.984,-1,-1,-1
63,394,1685.148514851485,280.1980198019802,226.74,514.53,54.974,-1,-1,-1
63,21,1351.0,480.0,79.918,181.35,47.674,-1,-1,-1
63,396,373.26732673267327,458.4158415841584,103.17,234.13,27.306,-1,-1,-1
63,397,1576.2376237623762,349.5049504950495,207.45,470.74,26.562,-1,-1,-1
63,119,566.0,236.0,250.0,567.31,24.716,-1,-1,-1
63,126,906.0,532.0,40.123,91.049,2.4713,-1,-1,-1
64,128,1528.0,322.0,207.45,470.74,52.384,-1,-1,-1
64,402,1685.148514851485,280.1980198019802,226.74,514.53,49.421,-1,-1,-1
64,21,1349.0,490.0,73.864,167.61,49.373,-1,-1,-1
64,121,393.0,447.0,103.17,234.13,30.743,-1,-1,-1
64,109,1592.0,353.0,207.45,470.74,24.631,-1,-1,-1
64,406,560.3960396039604,233.66336633663366,250.0,567.31,22.315,-1,-1,-1
64,129,1308.0,461.0,87.838,199.32,15.606,-1,-1,-1
65,409,1551.4851485148515,536.6336633663366,113.37,257.27,63.039,-1,-1,-1
65,21,1349.0,490.0,73.864,167.61,52.873,-1,-1,-1
65,411,1685.148514851485,280.1980198019802,226.74,514.53,51.194,-1,-1,-1
65,121,393.0,447.0,103.17,234.13,41.304,-1,-1,-1
65,109,1622.0,383.0,189.32,429.61,16.76,-1,-1,-1
65,129,1308.0,461.0,87.838,199.32,16.362,-1,-1,-1
66,21,1349.0,490.0,73.864,167.61,55.128,-1,-1,-1
66,419,1663.3663366336634,233.66336633663366,250.0,567.31,53.531,-1,-1,-1
66,132,809.0,741.0,28.302,64.224,35.819,-1,-1,-1
66,121,393.0,447.0,103.17,234.13,35.628,-1,-1,-1
66,422,1576.2376237623762,349.5049504950495,207.45,470.74,17.711,-1,-1,-1
66,423,1295.049504950495,456.43564356435644,87.838,199.32,14.207,-1,-1,-1
67,71,1680.0,236.0,250.0,567.31,57.077,-1,-1,-1
67,426,1335.6435643564357,485.1485148514851,73.864,167.61,51.191,-1,-1,-1
67,427,1519.8019801980197,403.96039603960395,175.68,398.65,50.52,-1,-1,-1
67,121,409.0,447.0,103.17,234.13,40.889,-1,-1,-1
67,109,1593.0,354.0,189.32,429.61,25.176,-1,-1,-1
67,135,1378.0,510.0,67.474,153.11,19.623,-1,-1,-1
67,129,1308.0,461.0,87.838,199.32,17.631,-1,-1,-1
68,71,1680.0,236.0,250.0,567.31,60.132,-1,-1,-1
68,21,1349.0,490.0,73.864,167.61,52.446,-1,-1,-1
68,436,1519.8019801980197,350.4950495049505,189.32,429.61,52.246,-1,-1,-1
68,121,409.0,447.0,103.17,234.13,30.968,-1,-1,-1
68,438,1297.029702970297,539.6039603960396,52.0,118.0,23.05,-1,-1,-1
68,109,1593.0,383.0,189.32,429.61,13.872,-1,-1,-1
69,442,1663.3663366336634,233.66336633663366,250.0,567.31,56.741,-1,-1,-1
69,21,1349.0,490.0,73.864,167.61,55.577,-1,-1,-1
69,444,1512.8712871287128,349.5049504950495,207.45,470.74,48.02,-1,-1,-1
69,121,409.0,447.0,103.17,234.13,34.148,-1,-1,-1
69,446,682.1782178217821,280.1980198019802,226.74,514.53,17.747,-1,-1,-1
69,448,1587.128712871287,272.2772277227723,250.0,567.31,7.6019,-1,-1,-1
69,140,973.0,552.0,67.474,153.11,5.1368,-1,-1,-1
70,450,1663.3663366336634,233.66336633663366,250.0,567.31,60.489,-1,-1,-1
70,21,1349.0,490.0,73.864,167.61,57.865,-1,-1,-1
70,452,1512.8712871287128,349.5049504950495,207.45,470.74,44.15,-1,-1,-1
70,121,409.0,447.0,103.17,234.13,34.2,-1,-1,-1
70,455,671.2871287128713,442.5742574257426,103.17,234.13,21.164,-1,-1,-1
70,142,1378.0,510.0,67.474,153.11,20.07,-1,-1,-1
70,457,773.2673267326733,536.6336633663366,113.37,257.27,17.79,-1,-1,-1
70,143,1597.0,283.0,226.74,514.53,14.12,-1,-1,-1
70,460,896.039603960396,518.8118811881188,43.624,98.993,8.9111,-1,-1,-1
70,140,963.0,547.0,73.864,167.61,7.5641,-1,-1,-1
71,134,1496.0,353.0,207.45,470.74,55.605,-1,-1,-1
71,21,1339.0,480.0,79.918,181.35,52.208,-1,-1,-1
71,71,1680.0,236.0,250.0,567.31,51.283,-1,-1,-1
71,465,1365.3465346534654,507.9207920792079,61.514,139.59,25.706,-1,-1,-1
71,121,409.0,447.0,103.17,234.13,25.501,-1,-1,-1
71,468,722.7722772277227,704.950495049505,43.624,98.993,24.94,-1,-1,-1
71,470,1544.5544554455446,318.81188118811883,207.45,470.74,16.511,-1,-1,-1
71,147,1295.0,461.0,87.838,199.32,13.455,-1,-1,-1
71,140,963.0,552.0,67.474,153.11,9.2812,-1,-1,-1
72,475,1335.6435643564357,485.1485148514851,73.864,167.61,60.777,-1,-1,-1
72,134,1496.0,353.0,207.45,470.74,48.581,-1,-1,-1
72,477,1663.3663366336634,233.66336633663366,250.0,567.31,44.7,-1,-1,-1
72,478,712.8712871287129,263.36633663366337,189.32,429.61,28.292,-1,-1,-1
72,479,749.5049504950495,698.019801980198,43.624,98.993,27.831,-1,-1,-1
72,121,409.0,447.0,103.17,234.13,27.284,-1,-1,-1
72,481,1297.029702970297,539.6039603960396,52.0,118.0,26.063,-1,-1,-1
72,482,767.3267326732673,527.7227722772277,123.42,280.06,20.283,-1,-1,-1
72,140,963.0,547.0,73.864,167.61,14.305,-1,-1,-1
72,152,1560.0,322.0,207.45,470.74,13.36,-1,-1,-1
72,153,223.0,455.0,113.37,257.27,6.5599,-1,-1,-1
73,134,1496.0,353.0,207.45,470.74,62.77,-1,-1,-1
73,21,1349.0,490.0,73.864,167.61,58.908,-1,-1,-1
73,71,1680.0,236.0,250.0,567.31,47.731,-1,-1,-1
73,151,728.0,258.0,207.45,470.74,43.658,-1,-1,-1
73,156,1310.0,545.0,52.0,118.0,26.707,-1,-1,-1
73,121,409.0,447.0,103.17,234.13,25.18,-1,-1,-1
73,153,234.0,478.0,103.17,234.13,13.379,-1,-1,-1
73,152,1560.0,322.0,207.45,470.74,13.018,-1,-1,-1
74,21,1349.0,490.0,73.864,167.61,57.214,-1,-1,-1
74,134,1496.0,353.0,207.45,470.74,54.52,-1,-1,-1
74,71,1680.0,236.0,250.0,567.31,54.12,-1,-1,-1
74,121,409.0,447.0,103.17,234.13,27.553,-1,-1,-1
74,151,749.0,266.0,189.32,429.61,20.146,-1,-1,-1
74,156,1310.0,545.0,52.0,118.0,19.948,-1,-1,-1
74,158,14.0,476.0,123.42,280.06,6.1155,-1,-1,-1
75,21,1349.0,490.0,73.864,167.61,55.082,-1,-1,-1
75,134,1528.0,353.0,207.45,470.74,53.124,-1,-1,-1
75,159,799.0,542.0,113.37,257.27,51.444,-1,-1,-1
75,71,1680.0,236.0,250.0,567.31,48.682,-1,-1,-1
75,121,415.0,438.0,113.37,257.27,18.711,-1,-1,-1
75,160,1603.0,275.0,250.0,567.31,16.21,-1,-1,-1
75,158,13.0,490.0,113.37,257.27,10.481,-1,-1,-1
76,134,1496.0,353.0,207.45,470.74,56.419,-1,-1,-1
76,21,1339.0,480.0,79.918,181.35,52.688,-1,-1,-1
76,71,1680.0,236.0,250.0,567.31,52.194,-1,-1,-1
76,121,424.0,447.0,103.17,234.13,28.749,-1,-1,-1
76,163,1379.0,513.0,61.514,139.59,25.796,-1,-1,-1
76,160,1603.0,275.0,250.0,567.31,20.051,-1,-1,-1
76,165,250.0,478.0,103.17,234.13,15.159,-1,-1,-1
76,158,14.0,476.0,123.42,280.06,2.531,-1,-1,-1
77,21,1349.0,490.0,73.864,167.61,62.12,-1,-1,-1
77,71,1667.0,283.0,226.74,514.53,55.657,-1,-1,-1
77,134,1492.0,318.0,226.74,514.53,45.91,-1,-1,-1
77,121,409.0,447.0,103.17,234.13,24.071,-1,-1,-1
77,168,1310.0,545.0,52.0,118.0,21.03,-1,-1,-1
77,165,250.0,463.0,103.17,234.13,20.137,-1,-1,-1
78,21,1339.0,480.0,79.918,181.35,60.347,-1,-1,-1
78,71,1667.0,283.0,226.74,514.53,55.654,-1,-1,-1
78,134,1492.0,318.0,226.74,514.53,52.439,-1,-1,-1
78,169,808.0,609.0,87.838,199.32,26.347,-1,-1,-1
78,121,424.0,447.0,103.17,234.13,24.832,-1,-1,-1
78,168,1310.0,545.0,52.0,118.0,21.034,-1,-1,-1
78,171,1562.0,283.0,226.74,514.53,9.0378,-1,-1,-1
79,21,1339.0,480.0,79.918,181.35,55.981,-1,-1,-1
79,134,1492.0,318.0,226.74,514.53,53.253,-1,-1,-1
79,71,1642.0,275.0,250.0,567.31,50.001,-1,-1,-1
79,168,1310.0,545.0,52.0,118.0,28.083,-1,-1,-1
79,121,424.0,447.0,103.17,234.13,27.439,-1,-1,-1
79,172,1372.0,490.0,73.864,167.61,26.066,-1,-1,-1
79,169,809.0,615.0,79.918,181.35,15.097,-1,-1,-1
79,174,13.0,490.0,113.37,257.27,14.539,-1,-1,-1
80,134,1492.0,318.0,226.74,514.53,73.294,-1,-1,-1
80,21,1349.0,490.0,73.864,167.61,59.736,-1,-1,-1
80,71,1642.0,275.0,250.0,567.31,58.485,-1,-1,-1
80,121,424.0,447.0,103.17,234.13,31.215,-1,-1,-1
80,168,1310.0,545.0,52.0,118.0,20.312,-1,-1,-1
80,177,1007.0,721.0,26.0,59.0,19.012,-1,-1,-1
80,175,266.0,463.0,103.17,234.13,15.137,-1,-1,-1
80,172,1378.0,510.0,67.474,153.11,12.262,-1,-1,-1
80,174,14.0,476.0,123.42,280.06,11.245,-1,-1,-1
81,21,1349.0,490.0,73.864,167.61,62.027,-1,-1,-1
81,134,1496.0,353.0,207.45,470.74,58.096,-1,-1,-1
81,71,1642.0,275.0,250.0,567.31,52.759,-1,-1,-1
81,168,1310.0,545.0,52.0,118.0,23.394,-1,-1,-1
81,121,424.0,447.0,103.17,234.13,17.403,-1,-1,-1
81,174,33.0,495.0,123.42,280.06,6.3708,-1,-1,-1
82,134,1458.0,318.0,226.74,514.53,61.074,-1,-1,-1
82,21,1349.0,490.0,73.864,167.61,57.958,-1,-1,-1
82,71,1642.0,275.0,250.0,567.31,51.195,-1,-1,-1
82,121,440.0,447.0,103.17,234.13,24.258,-1,-1,-1
82,168,1310.0,545.0,52.0,118.0,21.519,-1,-1,-1
83,21,1339.0,480.0,79.918,181.35,57.241,-1,-1,-1
83,71,1680.0,275.0,250.0,567.31,52.241,-1,-1,-1
83,134,1458.0,318.0,226.74,514.53,50.539,-1,-1,-1
83,180,1372.0,490.0,73.864,167.61,29.715,-1,-1,-1
83,168,1310.0,545.0,52.0,118.0,26.763,-1,-1,-1
83,121,432.0,438.0,113.37,257.27,20.242,-1,-1,-1
84,21,1339.0,480.0,79.918,181.35,52.942,-1,-1,-1
84,134,1458.0,318.0,226.74,514.53,51.585,-1,-1,-1
84,180,1372.0,490.0,73.864,167.61,29.764,-1,-1,-1
84,121,440.0,447.0,103.17,234.13,25.743,-1,-1,-1
84,168,1310.0,545.0,52.0,118.0,25.044,-1,-1,-1
84,184,888.0,290.0,207.45,470.74,18.901,-1,-1,-1
85,134,1464.0,353.0,207.45,470.74,67.638,-1,-1,-1
85,21,1339.0,480.0,79.918,181.35,51.109,-1,-1,-1
85,185,1656.0,258.0,207.45,470.74,49.791,-1,-1,-1
85,184,888.0,290.0,207.45,470.74,46.124,-1,-1,-1
85,180,1379.0,513.0,61.514,139.59,33.571,-1,-1,-1
85,168,1310.0,545.0,52.0,118.0,26.884,-1,-1,-1
85,121,432.0,438.0,113.37,257.27,24.1,-1,-1,-1
85,186,1744.0,571.0,123.42,280.06,22.306,-1,-1,-1
86,134,1458.0,318.0,226.74,514.53,57.095,-1,-1,-1
86,21,1349.0,490.0,73.864,167.61,55.438,-1,-1,-1
86,185,1656.0,258.0,207.45,470.74,55.428,-1,-1,-1
86,168,1310.0,545.0,52.0,118.0,33.989,-1,-1,-1
86,184,920.0,290.0,207.45,470.74,32.729,-1,-1,-1
86,180,1378.0,510.0,67.474,153.11,28.244,-1,-1,-1
86,121,440.0,447.0,103.17,234.13,26.794,-1,-1,-1
86,186,1734.0,520.0,146.62,332.71,21.643,-1,-1,-1
86,188,40.0,498.0,146.62,332.71,6.3262,-1,-1,-1
87,134,1458.0,318.0,226.74,514.53,58.851,-1,-1,-1
87,21,1349.0,490.0,73.864,167.61,58.109,-1,-1,-1
87,185,1656.0,258.0,207.45,470.74,57.957,-1,-1,-1
87,184,920.0,290.0,207.45,470.74,45.757,-1,-1,-1
87,168,1310.0,545.0,52.0,118.0,29.612,-1,-1,-1
87,186,1727.0,543.0,135.42,307.29,26.423,-1,-1,-1
87,121,440.0,447.0,103.17,234.13,23.674,-1,-1,-1
87,180,1378.0,510.0,67.474,153.11,21.278,-1,-1,-1
88,185,1656.0,258.0,207.45,470.74,63.922,-1,-1,-1
88,21,1349.0,490.0,73.864,167.61,63.693,-1,-1,-1
88,184,920.0,290.0,207.45,470.74,48.869,-1,-1,-1
88,134,1458.0,318.0,226.74,514.53,45.413,-1,-1,-1
88,186,1711.0,520.0,146.62,332.71,31.33,-1,-1,-1
88,168,1310.0,545.0,52.0,118.0,31.105,-1,-1,-1
88,180,1378.0,510.0,67.474,153.11,24.108,-1,-1,-1
88,121,440.0,447.0,103.17,234.13,19.712,-1,-1,-1
89,21,1349.0,490.0,73.864,167.61,64.562,-1,-1,-1
89,184,920.0,290.0,207.45,470.74,60.469,-1,-1,-1
89,185,1656.0,258.0,207.45,470.74,56.895,-1,-1,-1
89,134,1432.0,353.0,207.45,470.74,42.04,-1,-1,-1
89,168,1310.0,545.0,52.0,118.0,24.659,-1,-1,-1
89,121,449.0,438.0,113.37,257.27,17.239,-1,-1,-1
89,191,302.0,469.0,94.66,214.81,14.08,-1,-1,-1
89,180,1378.0,510.0,67.474,153.11,1.5819,-1,-1,-1
89,186,1744.0,571.0,123.42,280.06,-0.29313,-1,-1,-1
90,184,952.0,290.0,207.45,470.74,56.307,-1,-1,-1
90,21,1339.0,480.0,79.918,181.35,52.5,-1,-1,-1
90,134,1423.0,353.0,226.74,514.53,33.425,-1,-1,-1
90,168,1310.0,545.0,52.0,118.0,29.369,-1,-1,-1
90,121,449.0,438.0,113.37,257.27,26.072,-1,-1,-1
90,191,313.0,463.0,103.17,234.13,17.375,-1,-1,-1
90,180,1379.0,513.0,61.514,139.59,13.981,-1,-1,-1
90,193,1492.0,318.0,226.74,514.53,8.4721,-1,-1,-1
90,194,107.0,494.0,103.17,234.13,7.0654,-1,-1,-1
91,184,952.0,290.0,207.45,470.74,63.005,-1,-1,-1
91,195,1617.0,254.0,270.83,614.58,50.51,-1,-1,-1
91,21,1339.0,480.0,79.918,181.35,43.901,-1,-1,-1
91,168,1310.0,545.0,52.0,118.0,33.422,-1,-1,-1
91,121,449.0,438.0,113.37,257.27,27.311,-1,-1,-1
91,191,313.0,463.0,103.17,234.13,19.988,-1,-1,-1
91,193,1458.0,353.0,226.74,514.53,16.96,-1,-1,-1
91,194,107.0,494.0,103.17,234.13,13.333,-1,-1,-1
92,184,952.0,290.0,207.45,470.74,61.424,-1,-1,-1
92,195,1617.0,254.0,270.83,614.58,58.734,-1,-1,-1
92,21,1339.0,480.0,79.918,181.35,37.289,-1,-1,-1
92,168,1310.0,545.0,52.0,118.0,36.427,-1,-1,-1
92,121,449.0,438.0,113.37,257.27,35.81,-1,-1,-1
92,194,113.0,513.0,94.66,214.81,17.554,-1,-1,-1
92,193,1496.0,385.0,207.45,470.74,10.762,-1,-1,-1
93,197,1432.0,385.0,207.45,470.74,55.783,-1,-1,-1
93,184,984.0,290.0,207.45,470.74,51.96,-1,-1,-1
93,121,449.0,438.0,113.37,257.27,40.061,-1,-1,-1
93,168,1310.0,545.0,52.0,118.0,33.769,-1,-1,-1
93,194,107.0,494.0,103.17,234.13,11.785,-1,-1,-1
94,200,1617.0,254.0,270.83,614.58,71.429,-1,-1,-1
94,184,984.0,290.0,207.45,470.74,62.876,-1,-1,-1
94,121,449.0,438.0,113.37,257.27,51.074,-1,-1,-1
94,168,1310.0,545.0,52.0,118.0,36.108,-1,-1,-1
94,202,1366.0,545.0,47.794,108.46,21.317,-1,-1,-1
94,194,107.0,494.0,103.17,234.13,10.44,-1,-1,-1
95,200,1617.0,254.0,270.83,614.58,68.964,-1,-1,-1
95,184,984.0,290.0,207.45,470.74,53.688,-1,-1,-1
95,121,449.0,438.0,113.37,257.27,50.352,-1,-1,-1
95,203,1440.0,520.0,146.62,332.71,45.449,-1,-1,-1
95,168,1310.0,545.0,52.0,118.0,25.951,-1,-1,-1
95,202,1366.0,552.0,47.794,108.46,24.523,-1,-1,-1
95,205,1492.0,254.0,270.83,614.58,7.9345,-1,-1,-1
96,200,1576.0,254.0,270.83,614.58,74.717,-1,-1,-1
96,121,449.0,438.0,113.37,257.27,43.798,-1,-1,-1
96,184,1011.0,325.0,189.32,429.61,41.332,-1,-1,-1
96,168,1310.0,545.0,52.0,118.0,31.878,-1,-1,-1
97,200,1576.0,254.0,270.83,614.58,78.528,-1,-1,-1
97,121,467.0,420.0,113.37,257.27,50.399,-1,-1,-1
97,207,1400.0,385.0,207.45,470.74,45.898,-1,-1,-1
97,184,1028.0,322.0,159.84,362.7,36.518,-1,-1,-1
97,168,1310.0,545.0,52.0,118.0,31.054,-1,-1,-1
97,209,1848.0,505.0,30.903,70.127,7.3334,-1,-1,-1
98,200,1576.0,254.0,270.83,614.58,62.904,-1,-1,-1
98,121,467.0,438.0,113.37,257.27,56.28,-1,-1,-1
98,207,1400.0,385.0,207.45,470.74,49.606,-1,-1,-1
98,184,1048.0,300.0,175.68,398.65,33.342,-1,-1,-1
99,200,1576.0,254.0,270.83,614.58,57.225,-1,-1,-1
99,121,467.0,438.0,113.37,257.27,47.069,-1,-1,-1
99,207,1400.0,417.0,207.45,470.74,37.867,-1,-1,-1
99,212,1377.0,532.0,56.686,128.63,13.643,-1,-1,-1
99,213,726.0,390.0,47.794,108.46,13.175,-1,-1,-1
100,200,1576.0,254.0,270.83,614.58,63.11,-1,-1,-1
100,214,1091.0,526.0,103.17,234.13,52.488,-1,-1,-1
100,121,467.0,438.0,113.37,257.27,51.112,-1,-1,-1
100,207,1400.0,417.0,207.45,470.74,36.978,-1,-1,-1
100,215,1310.0,545.0,52.0,118.0,32.497,-1,-1,-1
100,217,107.0,494.0,103.17,234.13,10.113,-1,-1,-1
100,216,1359.0,532.0,56.686,128.63,2.2562,-1,-1,-1
101,200,1576.0,254.0,270.83,614.58,61.005,-1,-1,-1
101,121,467.0,438.0,113.37,257.27,42.942,-1,-1,-1
101,207,1368.0,417.0,207.45,470.74,41.324,-1,-1,-1
101,215,1310.0,545.0,52.0,118.0,29.858,-1,-1,-1
101,218,329.0,463.0,103.17,234.13,23.91,-1,-1,-1
102,200,1576.0,254.0,270.83,614.58,63.45,-1,-1,-1
102,121,472.0,431.0,103.17,234.13,39.76,-1,-1,-1
102,207,1368.0,417.0,207.45,470.74,39.39,-1,-1,-1
102,219,1048.0,290.0,207.45,470.74,32.049,-1,-1,-1
102,215,1310.0,545.0,52.0,118.0,28.345,-1,-1,-1
102,218,329.0,463.0,103.17,234.13,25.838,-1,-1,-1
103,121,472.0,431.0,103.17,234.13,44.606,-1,-1,-1
103,207,1353.0,353.0,226.74,514.53,40.116,-1,-1,-1
103,215,1310.0,545.0,52.0,118.0,23.159,-1,-1,-1
103,218,329.0,463.0,103.17,234.13,19.359,-1,-1,-1
104,222,1534.0,213.0,270.83,614.58,65.902,-1,-1,-1
104,121,467.0,420.0,113.37,257.27,45.599,-1,-1,-1
104,207,1334.0,313.0,250.0,567.31,37.64,-1,-1,-1
104,215,1310.0,545.0,52.0,118.0,33.825,-1,-1,-1
104,223,1680.0,441.0,189.32,429.61,26.945,-1,-1,-1
104,218,329.0,463.0,103.17,234.13,23.595,-1,-1,-1
105,222,1534.0,213.0,270.83,614.58,70.326,-1,-1,-1
105,121,467.0,438.0,113.37,257.27,40.23,-1,-1,-1
105,215,1310.0,545.0,52.0,118.0,35.729,-1,-1,-1
105,207,1353.0,353.0,226.74,514.53,31.572,-1,-1,-1
105,223,1680.0,471.0,189.32,429.61,26.648,-1,-1,-1
105,218,329.0,463.0,103.17,234.13,25.441,-1,-1,-1
106,222,1534.0,213.0,270.83,614.58,67.666,-1,-1,-1
106,121,467.0,438.0,113.37,257.27,42.045,-1,-1,-1
106,215,1310.0,545.0,52.0,118.0,30.187,-1,-1,-1
106,207,1334.0,313.0,250.0,567.31,28.199,-1,-1,-1
106,218,329.0,463.0,103.17,234.13,21.954,-1,-1,-1
106,223,1656.0,417.0,207.45,470.74,16.689,-1,-1,-1
107,222,1534.0,213.0,270.83,614.58,66.324,-1,-1,-1
107,121,467.0,438.0,113.37,257.27,49.484,-1,-1,-1
107,218,329.0,463.0,103.17,234.13,16.653,-1,-1,-1
107,215,1315.0,552.0,47.794,108.46,14.487,-1,-1,-1
107,223,1651.0,500.0,189.32,429.61,14.229,-1,-1,-1
107,226,1230.0,545.0,52.0,118.0,14.109,-1,-1,-1
108,222,1534.0,213.0,270.83,614.58,59.456,-1,-1,-1
108,121,467.0,438.0,113.37,257.27,51.033,-1,-1,-1
108,223,1632.0,422.0,226.74,514.53,17.913,-1,-1,-1
108,218,329.0,463.0,103.17,234.13,11.865,-1,-1,-1
109,222,1526.0,198.0,250.0,567.31,59.044,-1,-1,-1
109,121,467.0,438.0,113.37,257.27,50.806,-1,-1,-1
109,232,1164.0,335.0,135.42,307.29,42.373,-1,-1,-1
109,231,1348.0,519.0,159.84,362.7,34.943,-1,-1,-1
109,223,1622.0,500.0,189.32,429.61,24.6,-1,-1,-1
110,222,1526.0,236.0,250.0,567.31,62.092,-1,-1,-1
110,121,467.0,438.0,113.37,257.27,52.691,-1,-1,-1
110,231,1348.0,519.0,159.84,362.7,37.961,-1,-1,-1
110,223,1622.0,500.0,189.32,429.61,22.029,-1,-1,-1
111,222,1527.0,248.0,226.74,514.53,67.406,-1,-1,-1
111,121,451.0,419.0,123.42,280.06,50.278,-1,-1,-1
111,235,1169.0,318.0,146.62,332.71,28.993,-1,-1,-1
111,223,1616.0,516.0,175.68,398.65,14.193,-1,-1,-1
112,222,1527.0,248.0,226.74,514.53,61.081,-1,-1,-1
112,121,451.0,419.0,123.42,280.06,49.915,-1,-1,-1
112,235,1184.0,335.0,135.42,307.29,29.502,-1,-1,-1
112,238,1204.0,513.0,94.66,214.81,27.64,-1,-1,-1
112,237,1849.0,506.0,28.302,64.224,12.399,-1,-1,-1
112,223,1619.0,543.0,159.84,362.7,9.2684,-1,-1,-1
113,222,1526.0,236.0,250.0,567.31,66.527,-1,-1,-1
113,121,451.0,419.0,123.42,280.06,59.656,-1,-1,-1
113,235,1184.0,335.0,135.42,307.29,23.807,-1,-1,-1
113,223,1592.0,512.0,207.45,470.74,8.7701,-1,-1,-1
113,237,1849.0,506.0,28.302,64.224,6.3325,-1,-1,-1
114,121,451.0,419.0,123.42,280.06,62.984,-1,-1,-1
114,222,1492.0,213.0,270.83,614.58,58.518,-1,-1,-1
114,241,1242.0,296.0,270.83,614.58,58.155,-1,-1,-1
115,222,1492.0,213.0,270.83,614.58,57.268,-1,-1,-1
115,121,451.0,419.0,123.42,280.06,55.214,-1,-1,-1
115,241,1242.0,296.0,270.83,614.58,54.1,-1,-1,-1
116,241,1219.0,313.0,250.0,567.31,62.865,-1,-1,-1
116,121,451.0,419.0,123.42,280.06,52.012,-1,-1,-1
116,222,1492.0,213.0,270.83,614.58,51.995,-1,-1,-1
117,241,1200.0,296.0,270.83,614.58,72.269,-1,-1,-1
117,222,1492.0,213.0,270.83,614.58,52.138,-1,-1,-1
117,121,451.0,419.0,123.42,280.06,50.808,-1,-1,-1
117,247,381.0,562.0,67.474,153.11,9.5079,-1,-1,-1
118,241,1200.0,296.0,270.83,614.58,63.979,-1,-1,-1
118,222,1492.0,213.0,270.83,614.58,51.221,-1,-1,-1
118,121,451.0,419.0,123.42,280.06,42.489,-1,-1,-1
118,250,1849.0,510.0,28.302,64.224,5.7268,-1,-1,-1
119,241,1181.0,313.0,250.0,567.31,66.496,-1,-1,-1
119,222,1488.0,198.0,250.0,567.31,58.695,-1,-1,-1
119,121,451.0,419.0,123.42,280.06,44.152,-1,-1,-1
119,251,107.0,510.0,103.17,234.13,14.957,-1,-1,-1
120,241,1181.0,313.0,250.0,567.31,65.567,-1,-1,-1
120,222,1488.0,198.0,250.0,567.31,63.669,-1,-1,-1
120,121,451.0,419.0,123.42,280.06,48.471,-1,-1,-1
120,254,1304.0,417.0,207.45,470.74,30.896,-1,-1,-1
120,251,107.0,510.0,103.17,234.13,12.751,-1,-1,-1
120,255,1694.0,367.0,103.17,234.13,9.3898,-1,-1,-1
121,121,451.0,419.0,123.42,280.06,54.492,-1,-1,-1
121,241,1158.0,296.0,270.83,614.58,51.996,-1,-1,-1
121,222,1492.0,213.0,226.74,514.53,45.459,-1,-1,-1
121,255,1687.0,393.0,87.838,199.32,34.078,-1,-1,-1
121,254,1283.0,388.0,226.74,514.53,31.544,-1,-1,-1
121,256,1528.0,480.0,207.45,470.74,23.824,-1,-1,-1
121,258,13.0,490.0,113.37,257.27,14.902,-1,-1,-1
121,257,329.0,478.0,103.17,234.13,7.3006,-1,-1,-1
121,259,963.0,541.0,67.474,153.11,6.0104,-1,-1,-1
122,222,1450.0,198.0,250.0,567.31,52.47,-1,-1,-1
122,241,1158.0,296.0,270.83,614.58,45.371,-1,-1,-1
122,121,451.0,419.0,123.42,280.06,42.08,-1,-1,-1
122,255,1684.0,396.0,94.66,214.81,30.799,-1,-1,-1
122,254,1283.0,388.0,226.74,514.53,27.25,-1,-1,-1
122,259,963.0,536.0,73.864,167.61,14.677,-1,-1,-1
122,258,13.0,490.0,113.37,257.27,10.43,-1,-1,-1
123,121,451.0,419.0,123.42,280.06,50.765,-1,-1,-1
123,222,1450.0,171.0,270.83,614.58,50.178,-1,-1,-1
123,241,1158.0,296.0,270.83,614.58,41.142,-1,-1,-1
123,261,1520.0,568.0,159.84,362.7,27.243,-1,-1,-1
123,255,1684.0,396.0,94.66,214.81,26.419,-1,-1,-1
123,262,1851.0,513.0,26.0,59.0,14.067,-1,-1,-1
123,258,13.0,490.0,113.37,257.27,9.973,-1,-1,-1
123,259,963.0,536.0,73.864,167.61,4.4106,-1,-1,-1
124,222,1450.0,198.0,250.0,567.31,57.537,-1,-1,-1
124,121,449.0,420.0,113.37,257.27,52.137,-1,-1,-1
124,241,1158.0,296.0,270.83,614.58,46.931,-1,-1,-1
124,255,1684.0,396.0,94.66,214.81,26.199,-1,-1,-1
124,263,329.0,478.0,103.17,234.13,26.035,-1,-1,-1
124,261,1520.0,592.0,159.84,362.7,23.237,-1,-1,-1
124,259,963.0,536.0,73.864,167.61,10.726,-1,-1,-1
124,258,13.0,490.0,113.37,257.27,8.0655,-1,-1,-1
125,121,451.0,419.0,123.42,280.06,50.328,-1,-1,-1
125,222,1450.0,198.0,250.0,567.31,49.006,-1,-1,-1
125,265,912.0,532.0,40.123,91.049,17.186,-1,-1,-1
125,255,1678.0,383.0,103.17,234.13,12.893,-1,-1,-1
125,258,13.0,490.0,113.37,257.27,3.7165,-1,-1,-1
126,266,1215.0,500.0,189.32,429.61,48.008,-1,-1,-1
126,121,449.0,420.0,113.37,257.27,45.424,-1,-1,-1
126,222,1450.0,171.0,270.83,614.58,37.531,-1,-1,-1
126,267,107.0,494.0,103.17,234.13,22.038,-1,-1,-1
126,269,1156.0,543.0,175.68,398.65,9.8638,-1,-1,-1
126,258,13.0,507.0,113.37,257.27,2.9339,-1,-1,-1
127,121,432.0,419.0,123.42,280.06,46.266,-1,-1,-1
127,222,1450.0,171.0,270.83,614.58,33.037,-1,-1,-1
127,267,100.0,473.0,113.37,257.27,28.289,-1,-1,-1
127,273,329.0,478.0,103.17,234.13,24.73,-1,-1,-1
127,272,1485.0,610.0,146.62,332.71,16.176,-1,-1,-1
127,258,13.0,490.0,113.37,257.27,8.9099,-1,-1,-1
128,121,449.0,420.0,113.37,257.27,37.284,-1,-1,-1
128,276,1117.0,338.0,270.83,614.58,36.478,-1,-1,-1
128,222,1409.0,171.0,270.83,614.58,33.128,-1,-1,-1
128,267,107.0,494.0,103.17,234.13,24.283,-1,-1,-1
128,272,1495.0,592.0,159.84,362.7,12.359,-1,-1,-1
128,273,327.0,438.0,113.37,257.27,10.663,-1,-1,-1
129,276,1158.0,338.0,270.83,614.58,47.417,-1,-1,-1
129,267,100.0,490.0,113.37,257.27,35.091,-1,-1,-1
129,222,1450.0,159.0,250.0,567.31,32.427,-1,-1,-1
129,121,432.0,400.0,123.42,280.06,27.194,-1,-1,-1
129,273,318.0,438.0,123.42,280.06,25.782,-1,-1,-1
129,279,1643.0,273.0,146.62,332.71,19.324,-1,-1,-1
129,272,1447.0,529.0,189.32,429.61,11.133,-1,-1,-1
130,276,1158.0,338.0,270.83,614.58,36.455,-1,-1,-1
130,279,1643.0,273.0,146.62,332.71,29.988,-1,-1,-1
130,121,432.0,419.0,123.42,280.06,25.445,-1,-1,-1
130,273,327.0,455.0,113.37,257.27,12.229,-1,-1,-1
130,272,1481.0,570.0,175.68,398.65,0.74837,-1,-1,-1
131,121,432.0,419.0,123.42,280.06,36.528,-1,-1,-1
131,276,1158.0,338.0,270.83,614.58,34.452,-1,-1,-1
131,273,318.0,438.0,123.42,280.06,28.408,-1,-1,-1
131,279,1621.0,273.0,146.62,332.71,19.089,-1,-1,-1
132,121,432.0,400.0,123.42,280.06,37.979,-1,-1,-1
132,276,1142.0,391.0,250.0,567.31,32.212,-1,-1,-1
132,273,318.0,438.0,123.42,280.06,30.848,-1,-1,-1
132,283,1409.0,213.0,270.83,614.58,25.82,-1,-1,-1
132,279,1621.0,273.0,146.62,332.71,20.245,-1,-1,-1
132,286,1427.0,597.0,175.68,398.65,15.652,-1,-1,-1
133,121,433.0,397.0,135.42,307.29,42.303,-1,-1,-1
133,273,318.0,438.0,123.42,280.06,27.061,-1,-1,-1
133,276,1142.0,391.0,250.0,567.31,26.187,-1,-1,-1
133,283,1367.0,213.0,270.83,614.58,25.085,-1,-1,-1
133,286,1422.0,617.0,159.84,362.7,3.9926,-1,-1,-1
134,121,432.0,400.0,123.42,280.06,44.98,-1,-1,-1
134,276,1142.0,429.0,250.0,567.31,28.737,-1,-1,-1
134,273,318.0,438.0,123.42,280.06,24.518,-1,-1,-1
134,283,1367.0,171.0,270.83,614.58,24.149,-1,-1,-1
134,286,1395.0,610.0,146.62,332.71,6.0702,-1,-1,-1
135,121,432.0,400.0,123.42,280.06,42.104,-1,-1,-1
135,276,1142.0,391.0,250.0,567.31,28.757,-1,-1,-1
135,273,318.0,438.0,123.42,280.06,27.072,-1,-1,-1
135,283,1367.0,171.0,270.83,614.58,25.287,-1,-1,-1
135,286,1395.0,610.0,146.62,332.71,21.756,-1,-1,-1
136,286,1395.0,610.0,146.62,332.71,37.71,-1,-1,-1
136,121,432.0,400.0,123.42,280.06,34.342,-1,-1,-1
136,283,1325.0,171.0,270.83,614.58,31.958,-1,-1,-1
136,273,318.0,438.0,123.42,280.06,19.629,-1,-1,-1
136,293,1695.0,419.0,79.918,181.35,4.4927,-1,-1,-1
137,283,1325.0,171.0,270.83,614.58,42.597,-1,-1,-1
137,121,433.0,397.0,135.42,307.29,38.026,-1,-1,-1
137,286,1395.0,610.0,146.62,332.71,29.042,-1,-1,-1
137,273,327.0,438.0,113.37,257.27,14.669,-1,-1,-1
137,295,1535.0,666.0,123.42,280.06,14.503,-1,-1,-1
137,293,1695.0,419.0,79.918,181.35,5.4137,-1,-1,-1
138,283,1325.0,171.0,270.83,614.58,54.308,-1,-1,-1
138,121,433.0,397.0,135.42,307.29,42.651,-1,-1,-1
138,299,-7.0,441.0,189.32,429.61,35.917,-1,-1,-1
138,286,1372.0,592.0,159.84,362.7,28.125,-1,-1,-1
138,295,1535.0,701.0,103.17,234.13,23.232,-1,-1,-1
138,273,327.0,438.0,113.37,257.27,6.3674,-1,-1,-1
138,293,1695.0,419.0,79.918,181.35,1.4681,-1,-1,-1
139,283,1325.0,171.0,270.83,614.58,55.049,-1,-1,-1
139,121,433.0,397.0,135.42,307.29,40.357,-1,-1,-1
139,299,-7.0,441.0,189.32,429.61,31.948,-1,-1,-1
139,295,1514.0,682.0,113.37,257.27,28.831,-1,-1,-1
139,301,1108.0,492.0,226.74,514.53,26.25,-1,-1,-1
139,286,1372.0,610.0,146.62,332.71,25.555,-1,-1,-1
139,273,318.0,438.0,123.42,280.06,20.295,-1,-1,-1
139,293,1695.0,419.0,79.918,181.35,5.1026,-1,-1,-1
140,283,1325.0,171.0,270.83,614.58,64.629,-1,-1,-1
140,121,432.0,400.0,123.42,280.06,45.113,-1,-1,-1
140,301,1066.0,429.0,250.0,567.31,30.722,-1,-1,-1
140,273,308.0,418.0,135.42,307.29,29.076,-1,-1,-1
140,299,20.0,462.0,175.68,398.65,25.9,-1,-1,-1
140,295,1514.0,699.0,113.37,257.27,20.447,-1,-1,-1
140,293,1684.0,396.0,94.66,214.81,7.3664,-1,-1,-1
140,303,1800.0,521.0,36.723,83.333,5.4956,-1,-1,-1
140,302,1849.0,510.0,28.302,64.224,3.2948,-1,-1,-1
141,283,1325.0,171.0,270.83,614.58,54.14,-1,-1,-1
141,301,1074.0,492.0,226.74,514.53,42.44,-1,-1,-1
141,304,1400.0,512.0,207.45,470.74,38.804,-1,-1,-1
141,121,432.0,400.0,123.42,280.06,36.671,-1,-1,-1
141,273,318.0,419.0,123.42,280.06,21.522,-1,-1,-1
141,303,1800.0,521.0,36.723,83.333,14.066,-1,-1,-1
141,293,1684.0,396.0,94.66,214.81,9.1888,-1,-1,-1
142,283,1284.0,171.0,270.83,614.58,50.328,-1,-1,-1
142,273,308.0,418.0,135.42,307.29,46.821,-1,-1,-1
142,304,1400.0,512.0,207.45,470.74,43.165,-1,-1,-1
142,121,432.0,419.0,123.42,280.06,38.446,-1,-1,-1
142,301,1066.0,429.0,250.0,567.31,29.986,-1,-1,-1
142,305,33.0,590.0,123.42,280.06,22.052,-1,-1,-1
142,303,1800.0,521.0,36.723,83.333,14.839,-1,-1,-1
142,293,1684.0,396.0,94.66,214.81,5.9618,-1,-1,-1
143,283,1284.0,171.0,270.83,614.58,56.772,-1,-1,-1
143,304,1368.0,544.0,207.45,470.74,53.68,-1,-1,-1
143,121,432.0,400.0,123.42,280.06,44.566,-1,-1,-1
143,273,308.0,418.0,135.42,307.29,38.818,-1,-1,-1
143,303,1800.0,521.0,36.723,83.333,13.645,-1,-1,-1
143,305,65.0,594.0,113.37,257.27,7.7535,-1,-1,-1
143,293,1695.0,419.0,79.918,181.35,5.7758,-1,-1,-1
144,283,1284.0,171.0,270.83,614.58,60.557,-1,-1,-1
144,304,1368.0,544.0,207.45,470.74,49.349,-1,-1,-1
144,121,432.0,400.0,123.42,280.06,38.855,-1,-1,-1
144,273,308.0,418.0,135.42,307.29,37.076,-1,-1,-1
144,293,1695.0,419.0,79.918,181.35,3.4445,-1,-1,-1
145,283,1284.0,171.0,270.83,614.58,56.636,-1,-1,-1
145,121,432.0,400.0,123.42,280.06,42.574,-1,-1,-1
145,273,308.0,418.0,135.42,307.29,38.604,-1,-1,-1
145,304,1353.0,527.0,226.74,514.53,26.304,-1,-1,-1
145,308,1033.0,379.0,270.83,614.58,22.164,-1,-1,-1
145,293,1695.0,419.0,79.918,181.35,2.575,-1,-1,-1
146,121,432.0,400.0,123.42,280.06,54.022,-1,-1,-1
146,283,1284.0,171.0,270.83,614.58,50.535,-1,-1,-1
146,273,308.0,418.0,135.42,307.29,32.118,-1,-1,-1
146,308,1027.0,429.0,250.0,567.31,17.101,-1,-1,-1
146,312,908.0,379.0,270.83,614.58,15.493,-1,-1,-1
146,310,-52.0,296.0,270.83,614.58,15.378,-1,-1,-1
146,313,1767.0,553.0,26.0,59.0,12.241,-1,-1,-1
146,311,1800.0,521.0,36.723,83.333,7.6592,-1,-1,-1
147,283,1284.0,171.0,270.83,614.58,46.8,-1,-1,-1
147,121,432.0,400.0,123.42,280.06,46.385,-1,-1,-1
147,273,308.0,418.0,135.42,307.29,35.797,-1,-1,-1
147,310,-10.0,296.0,270.83,614.58,33.16,-1,-1,-1
147,311,1814.0,533.0,30.903,70.127,17.928,-1,-1,-1
147,308,1027.0,429.0,250.0,567.31,16.762,-1,-1,-1
147,314,1851.0,513.0,26.0,59.0,12.454,-1,-1,-1
147,312,908.0,379.0,270.83,614.58,12.207,-1,-1,-1
147,313,1767.0,553.0,26.0,59.0,3.2533,-1,-1,-1
148,121,432.0,400.0,123.42,280.06,51.316,-1,-1,-1
148,310,29.0,313.0,250.0,567.31,45.76,-1,-1,-1
148,283,1242.0,171.0,270.83,614.58,40.892,-1,-1,-1
148,273,308.0,418.0,135.42,307.29,29.9,-1,-1,-1
148,311,1810.0,533.0,30.903,70.127,27.028,-1,-1,-1
148,308,991.0,379.0,270.83,614.58,17.936,-1,-1,-1
148,314,1851.0,513.0,26.0,59.0,11.301,-1,-1,-1
148,316,1695.0,419.0,79.918,181.35,-0.10847,-1,-1,-1
149,121,432.0,400.0,123.42,280.06,46.701,-1,-1,-1
149,283,1242.0,171.0,270.83,614.58,43.463,-1,-1,-1
149,273,288.0,408.0,146.62,332.71,29.65,-1,-1,-1
149,310,29.0,313.0,250.0,567.31,29.544,-1,-1,-1
149,317,1336.0,512.0,207.45,470.74,21.166,-1,-1,-1
149,314,1848.0,505.0,30.903,70.127,15.511,-1,-1,-1
149,316,1684.0,396.0,94.66,214.81,8.9464,-1,-1,-1
149,308,991.0,379.0,270.83,614.58,7.5976,-1,-1,-1
149,311,1806.0,521.0,36.723,83.333,3.5412,-1,-1,-1
150,121,433.0,397.0,135.42,307.29,48.152,-1,-1,-1
150,283,1242.0,171.0,270.83,614.58,39.872,-1,-1,-1
150,273,288.0,408.0,146.62,332.71,31.931,-1,-1,-1
150,318,198.0,520.0,146.62,332.71,23.945,-1,-1,-1
150,317,1336.0,512.0,207.45,470.74,21.978,-1,-1,-1
150,311,1806.0,521.0,36.723,83.333,21.012,-1,-1,-1
150,314,1849.0,506.0,28.302,64.224,13.303,-1,-1,-1
150,308,991.0,421.0,270.83,614.58,6.3831,-1,-1,-1
150,316,1695.0,419.0,79.918,181.35,4.0613,-1,-1,-1
151,121,432.0,400.0,123.42,280.06,53.88,-1,-1,-1
151,283,1242.0,171.0,270.83,614.58,35.406,-1,-1,-1
151,273,288.0,408.0,146.62,332.71,31.004,-1,-1,-1
151,319,120.0,584.0,135.42,307.29,30.329,-1,-1,-1
151,311,1800.0,521.0,36.723,83.333,26.054,-1,-1,-1
151,316,1695.0,419.0,79.918,181.35,6.2003,-1,-1,-1
152,121,433.0,397.0,135.42,307.29,46.281,-1,-1,-1
152,311,1806.0,521.0,36.723,83.333,34.001,-1,-1,-1
152,283,1242.0,171.0,270.83,614.58,29.908,-1,-1,-1
152,320,1827.0,517.0,26.0,59.0,17.31,-1,-1,-1
152,322,166.0,324.0,123.42,280.06,10.005,-1,-1,-1
152,324,1102.0,641.0,159.84,362.7,9.2674,-1,-1,-1
152,319,147.0,590.0,123.42,280.06,7.934,-1,-1,-1
152,316,1695.0,419.0,79.918,181.35,4.8542,-1,-1,-1
153,121,433.0,397.0,135.42,307.29,41.889,-1,-1,-1
153,311,1800.0,521.0,36.723,83.333,33.534,-1,-1,-1
153,283,1242.0,171.0,270.83,614.58,29.321,-1,-1,-1
153,328,1849.0,510.0,28.302,64.224,12.621,-1,-1,-1
153,320,1819.0,517.0,26.0,59.0,10.439,-1,-1,-1
153,316,1695.0,419.0,79.918,181.35,8.5911,-1,-1,-1
153,319,153.0,612.0,113.37,257.27,7.579,-1,-1,-1
154,330,182.0,313.0,250.0,567.31,39.253,-1,-1,-1
154,283,1242.0,171.0,270.83,614.58,34.819,-1,-1,-1
154,121,451.0,400.0,123.42,280.06,33.398,-1,-1,-1
154,311,1806.0,521.0,36.723,83.333,33.322,-1,-1,-1
154,328,1849.0,510.0,28.302,64.224,12.069,-1,-1,-1
154,316,1695.0,419.0,79.918,181.35,4.319,-1,-1,-1
155,330,182.0,313.0,250.0,567.31,42.661,-1,-1,-1
155,311,1806.0,521.0,36.723,83.333,39.924,-1,-1,-1
155,121,433.0,397.0,135.42,307.29,37.797,-1,-1,-1
155,283,1242.0,171.0,270.83,614.58,27.205,-1,-1,-1
155,328,1846.0,515.0,33.737,76.557,15.738,-1,-1,-1
155,316,1695.0,419.0,79.918,181.35,3.4887,-1,-1,-1
156,311,1806.0,521.0,36.723,83.333,45.172,-1,-1,-1
156,121,451.0,400.0,123.42,280.06,30.176,-1,-1,-1
156,330,157.0,254.0,270.83,614.58,28.539,-1,-1,-1
156,328,1849.0,510.0,28.302,64.224,14.822,-1,-1,-1
156,316,1695.0,419.0,79.918,181.35,7.9659,-1,-1,-1
156,333,1474.0,456.0,73.864,167.61,1.4281,-1,-1,-1
157,121,454.0,397.0,135.42,307.29,30.498,-1,-1,-1
157,330,157.0,254.0,270.83,614.58,22.369,-1,-1,-1
157,311,1801.0,513.0,40.123,91.049,20.864,-1,-1,-1
157,328,1846.0,515.0,33.737,76.557,14.222,-1,-1,-1
157,316,1695.0,419.0,79.918,181.35,13.049,-1,-1,-1
157,335,88.0,417.0,207.45,470.74,6.4448,-1,-1,-1
158,121,446.0,385.0,146.62,332.71,37.661,-1,-1,-1
158,311,1806.0,521.0,36.723,83.333,33.254,-1,-1,-1
158,316,1695.0,419.0,79.918,181.35,10.006,-1,-1,-1
158,328,1846.0,515.0,33.737,76.557,9.4102,-1,-1,-1
159,342,221.0,275.0,250.0,567.31,43.717,-1,-1,-1
159,343,1244.0,617.0,189.32,429.61,37.002,-1,-1,-1
159,121,446.0,385.0,146.62,332.71,35.315,-1,-1,-1
159,311,1806.0,521.0,36.723,83.333,30.381,-1,-1,-1
159,345,835.0,468.0,250.0,567.31,15.676,-1,-1,-1
159,328,1851.0,513.0,26.0,59.0,12.268,-1,-1,-1
159,316,1695.0,419.0,79.918,181.35,9.8893,-1,-1,-1
160,121,446.0,408.0,146.62,332.71,54.189,-1,-1,-1
160,342,236.0,318.0,226.74,514.53,50.826,-1,-1,-1
160,311,1806.0,521.0,36.723,83.333,31.541,-1,-1,-1
160,316,1695.0,419.0,79.918,181.35,9.8624,-1,-1,-1
160,328,1849.0,506.0,28.302,64.224,9.4007,-1,-1,-1
161,342,259.0,313.0,250.0,567.31,44.873,-1,-1,-1
161,347,1144.0,576.0,207.45,470.74,32.292,-1,-1,-1
161,121,469.0,408.0,146.62,332.71,31.252,-1,-1,-1
161,311,1801.0,493.0,47.794,108.46,26.773,-1,-1,-1
161,328,1849.0,510.0,28.302,64.224,10.109,-1,-1,-1
161,316,1695.0,419.0,79.918,181.35,5.8479,-1,-1,-1
161,350,1258.0,506.0,250.0,567.31,1.5919,-1,-1,-1
162,342,298.0,313.0,250.0,567.31,45.948,-1,-1,-1
162,311,1800.0,521.0,36.723,83.333,27.73,-1,-1,-1
162,316,1695.0,419.0,79.918,181.35,10.448,-1,-1,-1
162,328,1849.0,506.0,28.302,64.224,5.4264,-1,-1,-1
162,121,486.0,396.0,159.84,362.7,3.7826,-1,-1,-1
163,342,298.0,313.0,250.0,567.31,33.038,-1,-1,-1
163,311,1801.0,501.0,47.794,108.46,23.36,-1,-1,-1
163,357,1477.0,356.0,135.42,307.29,23.021,-1,-1,-1
163,328,1845.0,510.0,36.723,83.333,18.375,-1,-1,-1
163,354,1176.0,608.0,207.45,470.74,12.348,-1,-1,-1
163,316,1695.0,419.0,79.918,181.35,1.4938,-1,-1,-1
164,342,340.0,318.0,226.74,514.53,36.129,-1,-1,-1
164,311,1801.0,493.0,47.794,108.46,17.416,-1,-1,-1
164,357,1497.0,356.0,135.42,307.29,16.519,-1,-1,-1
164,359,927.0,848.0,94.66,214.81,15.575,-1,-1,-1
164,360,1098.0,120.0,189.32,429.61,14.914,-1,-1,-1
164,328,1849.0,510.0,28.302,64.224,10.397,-1,-1,-1
164,316,1695.0,419.0,79.918,181.35,7.0672,-1,-1,-1
164,354,1208.0,608.0,207.45,470.74,1.8158,-1,-1,-1
165,342,375.0,318.0,226.74,514.53,31.198,-1,-1,-1
165,357,1497.0,381.0,123.42,280.06,28.655,-1,-1,-1
165,354,1186.0,617.0,189.32,429.61,11.956,-1,-1,-1
165,316,1695.0,419.0,79.918,181.35,9.6387,-1,-1,-1
165,362,20.0,435.0,175.68,398.65,8.6494,-1,-1,-1
165,328,1851.0,513.0,26.0,59.0,5.1367,-1,-1,-1
165,359,913.0,848.0,94.66,214.81,4.7865,-1,-1,-1
166,342,408.0,353.0,207.45,470.74,32.982,-1,-1,-1
166,357,1497.0,381.0,123.42,280.06,22.597,-1,-1,-1
166,364,1819.0,513.0,26.0,59.0,18.642,-1,-1,-1
167,365,1395.0,502.0,73.864,167.61,55.926,-1,-1,-1
167,342,440.0,353.0,207.45,470.74,30.211,-1,-1,-1
167,357,1516.0,381.0,123.42,280.06,24.669,-1,-1,-1
168,365,1388.0,492.0,79.918,181.35,76.616,-1,-1,-1
168,342,440.0,353.0,207.45,470.74,34.294,-1,-1,-1
168,357,1516.0,381.0,123.42,280.06,30.327,-1,-1,-1
168,368,1798.0,504.0,43.624,98.993,29.239,-1,-1,-1
168,369,1849.0,510.0,28.302,64.224,28.212,-1,-1,-1
168,370,1695.0,419.0,79.918,181.35,6.1577,-1,-1,-1
169,365,1395.0,502.0,73.864,167.61,69.601,-1,-1,-1
169,372,1372.0,490.0,73.864,167.61,38.681,-1,-1,-1
169,369,1845.0,510.0,28.302,64.224,30.6,-1,-1,-1
169,357,1516.0,381.0,123.42,280.06,26.727,-1,-1,-1
169,368,1801.0,493.0,47.794,108.46,23.614,-1,-1,-1
169,342,472.0,353.0,207.45,470.74,21.184,-1,-1,-1
169,370,1684.0,396.0,94.66,214.81,11.382,-1,-1,-1
169,376,969.0,529.0,79.918,181.35,8.7742,-1,-1,-1
169,374,1098.0,646.0,189.32,429.61,5.8778,-1,-1,-1
170,365,1388.0,492.0,79.918,181.35,73.379,-1,-1,-1
170,368,1800.0,521.0,36.723,83.333,28.631,-1,-1,-1
170,342,487.0,354.0,189.32,429.61,22.4,-1,-1,-1
170,376,969.0,542.0,79.918,181.35,20.017,-1,-1,-1
170,369,1848.0,505.0,30.903,70.127,19.861,-1,-1,-1
170,357,1516.0,381.0,123.42,280.06,15.577,-1,-1,-1
170,377,1102.0,118.0,47.794,108.46,14.332,-1,-1,-1
170,370,1695.0,419.0,79.918,181.35,4.2703,-1,-1,-1
171,365,1395.0,502.0,73.864,167.61,69.069,-1,-1,-1
171,368,1798.0,504.0,43.624,98.993,33.617,-1,-1,-1
171,369,1845.0,510.0,28.302,64.224,30.509,-1,-1,-1
171,379,1417.0,490.0,73.864,167.61,16.993,-1,-1,-1
171,357,1516.0,381.0,123.42,280.06,14.992,-1,-1,-1
171,376,951.0,547.0,73.864,167.61,14.713,-1,-1,-1
171,370,1684.0,396.0,94.66,214.81,14.273,-1,-1,-1
172,379,1412.0,492.0,79.918,181.35,35.894,-1,-1,-1
172,368,1806.0,521.0,36.723,83.333,30.976,-1,-1,-1
172,369,1843.0,505.0,30.903,70.127,28.624,-1,-1,-1
172,382,547.0,571.0,123.42,280.06,26.836,-1,-1,-1
172,386,1040.0,646.0,189.32,429.61,23.267,-1,-1,-1
172,370,1695.0,419.0,79.918,181.35,5.8635,-1,-1,-1
173,387,1378.0,454.0,94.66,214.81,70.518,-1,-1,-1
173,388,1333.0,550.0,56.686,128.63,51.625,-1,-1,-1
173,368,1806.0,521.0,36.723,83.333,30.947,-1,-1,-1
173,386,1016.0,608.0,207.45,470.74,20.24,-1,-1,-1
173,382,528.0,571.0,123.42,280.06,16.962,-1,-1,-1
173,369,1849.0,510.0,28.302,64.224,12.234,-1,-1,-1
173,370,1695.0,419.0,79.918,181.35,3.8725,-1,-1,-1
174,387,1378.0,454.0,94.66,214.81,63.735,-1,-1,-1
174,388,1333.0,550.0,56.686,128.63,47.505,-1,-1,-1
174,392,1565.0,510.0,67.474,153.11,47.0,-1,-1,-1
174,368,1806.0,521.0,36.723,83.333,35.636,-1,-1,-1
174,386,1016.0,608.0,207.45,470.74,18.366,-1,-1,-1
174,394,1823.0,510.0,28.302,64.224,16.177,-1,-1,-1
174,369,1849.0,510.0,28.302,64.224,13.405,-1,-1,-1
174,393,954.0,150.0,159.84,362.7,8.9731,-1,-1,-1
174,396,350.0,418.0,135.42,307.29,3.4992,-1,-1,-1
174,370,1695.0,419.0,79.918,181.35,2.2566,-1,-1,-1
175,387,1388.0,480.0,79.918,181.35,64.548,-1,-1,-1
175,392,1575.0,510.0,67.474,153.11,46.575,-1,-1,-1
175,388,1333.0,550.0,56.686,128.63,36.397,-1,-1,-1
175,396,356.0,430.0,146.62,332.71,34.429,-1,-1,-1
175,368,1806.0,521.0,36.723,83.333,31.621,-1,-1,-1
175,397,1412.0,492.0,79.918,181.35,28.803,-1,-1,-1
175,386,1011.0,646.0,189.32,429.61,13.716,-1,-1,-1
175,369,1844.0,507.0,40.123,91.049,6.8947,-1,-1,-1
175,370,1695.0,419.0,79.918,181.35,3.2277,-1,-1,-1
176,387,1395.0,490.0,73.864,167.61,57.041,-1,-1,-1
176,388,1333.0,550.0,56.686,128.63,45.542,-1,-1,-1
176,368,1806.0,521.0,36.723,83.333,30.081,-1,-1,-1
176,396,356.0,430.0,146.62,332.71,25.452,-1,-1,-1
176,369,1843.0,505.0,30.903,70.127,20.165,-1,-1,-1
176,397,1417.0,479.0,73.864,167.61,15.125,-1,-1,-1
177,397,1406.0,490.0,73.864,167.61,53.058,-1,-1,-1
177,402,1535.0,381.0,123.42,280.06,42.273,-1,-1,-1
177,388,1333.0,550.0,56.686,128.63,35.039,-1,-1,-1
177,369,1848.0,505.0,30.903,70.127,29.485,-1,-1,-1
177,368,1806.0,521.0,36.723,83.333,26.51,-1,-1,-1
177,396,356.0,430.0,146.62,332.71,23.65,-1,-1,-1
178,397,1406.0,502.0,73.864,167.61,64.024,-1,-1,-1
178,402,1535.0,381.0,123.42,280.06,47.987,-1,-1,-1
178,388,1342.0,550.0,56.686,128.63,44.409,-1,-1,-1
178,369,1843.0,505.0,30.903,70.127,28.976,-1,-1,-1
178,368,1806.0,521.0,36.723,83.333,26.145,-1,-1,-1
178,406,1383.0,468.0,73.864,167.61,21.507,-1,-1,-1
178,396,370.0,418.0,135.42,307.29,12.492,-1,-1,-1
179,397,1409.0,510.0,67.474,153.11,56.992,-1,-1,-1
179,388,1342.0,550.0,56.686,128.63,52.297,-1,-1,-1
179,402,1549.0,403.0,113.37,257.27,41.112,-1,-1,-1
179,368,1800.0,521.0,36.723,83.333,25.137,-1,-1,-1
179,369,1848.0,505.0,30.903,70.127,23.577,-1,-1,-1
179,406,1388.0,479.0,67.474,153.11,8.2818,-1,-1,-1
179,409,1684.0,396.0,94.66,214.81,5.5439,-1,-1,-1
180,397,1409.0,510.0,67.474,153.11,67.511,-1,-1,-1
180,402,1554.0,381.0,123.42,280.06,57.429,-1,-1,-1
180,388,1342.0,550.0,56.686,128.63,42.304,-1,-1,-1
180,368,1798.0,504.0,43.624,98.993,28.034,-1,-1,-1
180,369,1845.0,510.0,28.302,64.224,26.65,-1,-1,-1
180,411,991.0,462.0,270.83,614.58,13.745,-1,-1,-1
180,406,1398.0,489.0,52.0,118.0,12.359,-1,-1,-1
181,397,1406.0,502.0,73.864,167.61,80.758,-1,-1,-1
181,402,1554.0,381.0,123.42,280.06,60.594,-1,-1,-1
181,388,1342.0,550.0,56.686,128.63,29.888,-1,-1,-1
181,368,1798.0,504.0,43.624,98.993,29.855,-1,-1,-1
181,369,1845.0,510.0,28.302,64.224,22.243,-1,-1,-1
181,411,950.0,506.0,250.0,567.31,6.9595,-1,-1,-1
182,397,1409.0,500.0,67.474,153.11,82.487,-1,-1,-1
182,402,1567.0,403.0,113.37,257.27,49.455,-1,-1,-1
182,368,1806.0,521.0,36.723,83.333,35.813,-1,-1,-1
182,388,1351.0,550.0,56.686,128.63,27.65,-1,-1,-1
182,411,950.0,506.0,250.0,567.31,12.26,-1,-1,-1
182,369,1849.0,510.0,28.302,64.224,9.8227,-1,-1,-1
183,397,1406.0,502.0,73.864,167.61,74.0,-1,-1,-1
183,402,1567.0,403.0,113.37,257.27,46.775,-1,-1,-1
183,388,1351.0,550.0,56.686,128.63,38.378,-1,-1,-1
183,368,1801.0,513.0,40.123,91.049,32.654,-1,-1,-1
183,419,758.0,574.0,103.17,234.13,27.739,-1,-1,-1
183,369,1848.0,505.0,30.903,70.127,17.716,-1,-1,-1
184,397,1406.0,502.0,73.864,167.61,68.25,-1,-1,-1
184,388,1351.0,550.0,56.686,128.63,53.821,-1,-1,-1
184,402,1573.0,381.0,123.42,280.06,50.277,-1,-1,-1
184,368,1806.0,521.0,36.723,83.333,35.209,-1,-1,-1
184,369,1848.0,505.0,30.903,70.127,17.626,-1,-1,-1
184,419,767.0,571.0,94.66,214.81,17.545,-1,-1,-1
184,422,1684.0,396.0,94.66,214.81,11.044,-1,-1,-1
184,423,1395.0,456.0,73.864,167.61,4.4505,-1,-1,-1
185,397,1406.0,490.0,73.864,167.61,70.395,-1,-1,-1
185,388,1351.0,550.0,56.686,128.63,51.403,-1,-1,-1
185,402,1573.0,381.0,123.42,280.06,50.986,-1,-1,-1
185,368,1806.0,521.0,36.723,83.333,28.44,-1,-1,-1
185,422,1695.0,419.0,79.918,181.35,16.189,-1,-1,-1
185,369,1848.0,505.0,30.903,70.127,14.43,-1,-1,-1
185,426,953.0,646.0,189.32,429.61,14.332,-1,-1,-1
186,402,1573.0,381.0,123.42,280.06,49.606,-1,-1,-1
186,388,1359.0,550.0,56.686,128.63,40.901,-1,-1,-1
186,368,1806.0,521.0,36.723,83.333,31.138,-1,-1,-1
186,427,-7.0,246.0,175.68,398.65,30.703,-1,-1,-1
186,426,912.0,545.0,250.0,567.31,15.481,-1,-1,-1
187,402,1573.0,381.0,123.42,280.06,54.718,-1,-1,-1
187,388,1359.0,550.0,56.686,128.63,45.849,-1,-1,-1
187,368,1806.0,521.0,36.723,83.333,27.533,-1,-1,-1
187,427,20.0,246.0,175.68,398.65,27.497,-1,-1,-1
187,426,899.0,597.0,226.74,514.53,7.7839,-1,-1,-1
188,436,1412.0,492.0,79.918,181.35,64.02,-1,-1,-1
188,427,47.0,246.0,175.68,398.65,59.5,-1,-1,-1
188,402,1573.0,381.0,123.42,280.06,58.31,-1,-1,-1
188,388,1359.0,550.0,56.686,128.63,49.005,-1,-1,-1
188,368,1806.0,521.0,36.723,83.333,34.658,-1,-1,-1
188,426,864.0,597.0,226.74,514.53,10.16,-1,-1,-1
188,438,1848.0,505.0,30.903,70.127,5.2871,-1,-1,-1
189,436,1416.0,474.0,87.838,199.32,67.59,-1,-1,-1
189,402,1573.0,381.0,123.42,280.06,48.698,-1,-1,-1
189,427,68.0,249.0,159.84,362.7,48.685,-1,-1,-1
189,388,1359.0,550.0,56.686,128.63,35.7,-1,-1,-1
189,368,1806.0,521.0,36.723,83.333,30.733,-1,-1,-1
189,444,658.0,445.0,159.84,362.7,26.781,-1,-1,-1
189,438,1848.0,505.0,30.903,70.127,12.698,-1,-1,-1
189,442,1443.0,447.0,87.838,199.32,9.579,-1,-1,-1
190,436,1412.0,480.0,79.918,181.35,68.214,-1,-1,-1
190,446,507.0,381.0,175.68,398.65,49.981,-1,-1,-1
190,402,1602.0,385.0,113.37,257.27,42.927,-1,-1,-1
190,388,1366.0,561.0,52.0,118.0,32.308,-1,-1,-1
190,368,1806.0,521.0,36.723,83.333,24.841,-1,-1,-1
190,444,633.0,383.0,189.32,429.61,22.354,-1,-1,-1
190,442,1451.0,440.0,94.66,214.81,16.752,-1,-1,-1
190,448,1687.0,407.0,87.838,199.32,15.996,-1,-1,-1
190,438,1848.0,505.0,30.903,70.127,10.163,-1,-1,-1
190,450,940.0,84.0,175.68,398.65,1.1636,-1,-1,-1
191,436,1416.0,474.0,87.838,199.32,65.104,-1,-1,-1
191,402,1599.0,399.0,103.17,234.13,47.998,-1,-1,-1
191,446,507.0,381.0,175.68,398.65,46.642,-1,-1,-1
191,442,1451.0,440.0,94.66,214.81,22.149,-1,-1,-1
191,452,794.0,562.0,226.74,514.53,21.001,-1,-1,-1
191,448,1684.0,396.0,94.66,214.81,20.264,-1,-1,-1
191,368,1806.0,521.0,36.723,83.333,17.798,-1,-1,-1
192,436,1416.0,474.0,87.838,199.32,60.869,-1,-1,-1
192,402,1599.0,399.0,103.17,234.13,51.717,-1,-1,-1
192,446,535.0,396.0,159.84,362.7,36.433,-1,-1,-1
192,368,1806.0,521.0,36.723,83.333,24.865,-1,-1,-1
192,442,1457.0,434.0,87.838,199.32,24.817,-1,-1,-1
192,455,486.0,420.0,159.84,362.7,21.873,-1,-1,-1
192,448,1684.0,396.0,94.66,214.81,13.865,-1,-1,-1
193,436,1417.0,490.0,73.864,167.61,61.993,-1,-1,-1
193,402,1592.0,381.0,123.42,280.06,44.236,-1,-1,-1
193,446,507.0,381.0,175.68,398.65,32.046,-1,-1,-1
193,442,1466.0,440.0,94.66,214.81,27.773,-1,-1,-1
193,457,1367.0,531.0,67.474,153.11,23.604,-1,-1,-1
193,368,1801.0,513.0,40.123,91.049,20.531,-1,-1,-1
193,448,1684.0,396.0,94.66,214.81,13.017,-1,-1,-1
193,455,453.0,408.0,175.68,398.65,9.4247,-1,-1,-1
194,402,1602.0,385.0,113.37,257.27,45.116,-1,-1,-1
194,457,1367.0,531.0,67.474,153.11,44.944,-1,-1,-1
194,368,1806.0,521.0,36.723,83.333,26.915,-1,-1,-1
194,455,480.0,408.0,175.68,398.65,21.62,-1,-1,-1
194,442,1456.0,431.0,103.17,234.13,19.45,-1,-1,-1
194,448,1678.0,383.0,103.17,234.13,10.637,-1,-1,-1
195,460,1392.0,447.0,103.17,234.13,64.247,-1,-1,-1
195,402,1602.0,385.0,113.37,257.27,48.96,-1,-1,-1
195,368,1806.0,521.0,36.723,83.333,39.866,-1,-1,-1
195,457,1367.0,531.0,67.474,153.11,32.776,-1,-1,-1
195,448,1684.0,396.0,94.66,214.81,20.622,-1,-1,-1
195,442,1472.0,415.0,103.17,234.13,4.2067,-1,-1,-1
196,457,1378.0,531.0,67.474,153.11,53.984,-1,-1,-1
196,402,1615.0,399.0,103.17,234.13,44.152,-1,-1,-1
196,368,1806.0,521.0,36.723,83.333,26.129,-1,-1,-1
196,448,1684.0,396.0,94.66,214.81,21.216,-1,-1,-1
196,442,1480.0,425.0,94.66,214.81,16.374,-1,-1,-1
197,465,1422.0,469.0,94.66,214.81,65.423,-1,-1,-1
197,457,1372.0,524.0,73.864,167.61,47.988,-1,-1,-1
197,402,1602.0,385.0,113.37,257.27,43.891,-1,-1,-1
197,368,1806.0,521.0,36.723,83.333,24.776,-1,-1,-1
197,442,1472.0,415.0,103.17,234.13,23.977,-1,-1,-1
197,448,1684.0,396.0,94.66,214.81,18.482,-1,-1,-1
198,465,1422.0,469.0,94.66,214.81,73.138,-1,-1,-1
198,468,198.0,213.0,270.83,614.58,49.046,-1,-1,-1
198,368,1806.0,521.0,36.723,83.333,27.7,-1,-1,-1
198,442,1472.0,415.0,103.17,234.13,24.437,-1,-1,-1
198,470,1767.0,553.0,26.0,59.0,16.733,-1,-1,-1
198,448,1684.0,396.0,94.66,214.81,14.548,-1,-1,-1
199,465,1408.0,447.0,103.17,234.13,77.899,-1,-1,-1
199,368,1806.0,521.0,36.723,83.333,21.618,-1,-1,-1
199,468,157.0,213.0,270.83,614.58,20.793,-1,-1,-1
199,448,1684.0,396.0,94.66,214.81,13.191,-1,-1,-1
199,470,1767.0,545.0,28.302,64.224,6.3719,-1,-1,-1
199,475,1377.0,463.0,103.17,234.13,6.0853,-1,-1,-1
200,465,1422.0,469.0,94.66,214.81,84.081,-1,-1,-1
200,477,259.0,236.0,250.0,567.31,44.528,-1,-1,-1
200,478,1619.0,385.0,113.37,257.27,38.094,-1,-1,-1
200,479,1456.0,447.0,103.17,234.13,26.945,-1,-1,-1
200,368,1810.0,530.0,33.737,76.557,24.655,-1,-1,-1
200,475,1377.0,447.0,103.17,234.13,15.976,-1,-1,-1
200,470,1767.0,553.0,26.0,59.0,14.479,-1,-1,-1
200,468,157.0,296.0,270.83,614.58,12.9,-1,-1,-1
200,482,1843.0,505.0,30.903,70.127,11.158,-1,-1,-1
200,448,1684.0,396.0,94.66,214.81,7.1719,-1,-1,-1
200,481,1504.0,415.0,103.17,234.13,1.0106,-1,-1,-1
